9.308280564177814216e-14
2.631894506142264025e-03
1.052757802782731608e-02
2.368705056261191308e-02
4.211031211098313631e-02
6.579736267388966442e-02
9.474820225045080258e-02
1.289628308407799184e-01
1.684412484451722203e-01
2.131834550634763570e-01
2.631894506955774204e-01
3.184592353417165511e-01
3.789928090015191042e-01
4.447901716675516925e-01
5.158513233631818462e-01
5.921762640543793976e-01
6.737649937798876332e-01
7.606175125100544943e-01
8.527338202533092382e-01
9.501139170101298159e-01
1.052757802771436157e+00
1.160665477567306203e+00
1.273836941364673070e+00
1.392272194177773592e+00
1.515971236002629396e+00
1.644934066846682752e+00
1.779160686677809133e+00
1.918651095485241154e+00
2.063405293419256825e+00
2.213423280322784681e+00
2.368705056182638380e+00
2.529250621161674317e+00
2.695059975115327688e+00
2.866133118033073579e+00
3.042470050032020090e+00
3.224070770815410825e+00
3.410935281004251252e+00
3.603063579947273887e+00
3.800455667888099853e+00
4.003111545023471329e+00
4.211031211110063843e+00
4.424214666180914968e+00
4.642661910202359188e+00
4.866372943354897451e+00
5.095347765336804891e+00
5.329586376555152327e+00
5.569088776694789189e+00
5.813854965792277341e+00
6.063884944003246957e+00
6.319178711084260769e+00
6.579736267267612959e+00
6.845557612517683133e+00
7.116642746595799096e+00
7.392991669664652932e+00
7.674604382248721990e+00
7.961480883446171219e+00
8.253621173708449277e+00
8.551025252829120404e+00
8.853693121121294141e+00
9.161624778673225222e+00
9.474820224976387095e+00
9.793279460274050052e+00
1.011700248462500973e+01
1.044598929799256126e+01
1.078023990040184721e+01
1.111975429176610142e+01
1.146453247226616767e+01
1.181457444167618398e+01
1.216988019999180715e+01
1.253044974715403015e+01
1.289628308402395263e+01
1.326738020939928120e+01
1.364374112396310679e+01
1.402536582740663818e+01
1.441225431960515380e+01
1.480440660079059256e+01
1.520182267191322545e+01
1.560450253110242613e+01
1.601244617954894167e+01
1.642565361789089096e+01
1.684412484367886265e+01
1.726785985980019689e+01
1.769685866460167034e+01
1.813112125808425645e+01
1.857064764074105057e+01
1.901543781241078079e+01
1.946549177291370825e+01
1.992080952298887908e+01
2.038139106184729243e+01
2.084723638827893666e+01
2.131834550523172567e+01
2.179471841179132596e+01
2.227635510628899240e+01
2.276325559027336709e+01
2.325541986267068495e+01
2.375284792389349775e+01
2.425553977469669320e+01
2.476349541576621149e+01
2.527671484465497898e+01
2.579519806201738419e+01
2.631894506936450284e+01
2.684795586409049406e+01
2.738223044967811859e+01
2.792176882177183472e+01
2.846657098657681217e+01
2.901663693812863443e+01
2.957196667758100972e+01
3.013256020969645732e+01
3.069841752736069296e+01
3.126953863627083052e+01
3.184592353042087254e+01
3.242757221926009947e+01
3.301448469407546327e+01
3.360666095797463271e+01
3.420410101100805633e+01
3.480680485404548818e+01
3.541477248208871487e+01
3.602800390419841392e+01
3.664649911445263086e+01
3.727025811259868959e+01
3.789928089671067823e+01
3.853356747494578372e+01
3.917311783597833141e+01
3.981793199459403354e+01
4.046800993714248307e+01
4.112335167113496937e+01
4.178395719088334204e+01
4.244982650141640335e+01
4.312095960148230489e+01
4.379735648892373945e+01
4.447901716538742534e+01
4.516594162908049981e+01
4.585812988874912577e+01
4.655558193203022199e+01
4.725829773648089827e+01
4.796627738846780176e+01
4.867952079800748066e+01
4.939802799222707108e+01
5.012179850472141140e+01
5.085083373336087220e+01
5.158513221079255118e+01
5.232469469202617063e+01
5.306952083565637679e+01
5.381961073556826136e+01
5.457496448583017923e+01
5.533558200231030355e+01
5.610146327635732888e+01
5.687260839870874918e+01
5.764901727956055311e+01
5.843068994676961125e+01
5.921762640303901293e+01
6.000982663932506966e+01
6.080729067864608339e+01
6.161001851106232152e+01
6.241801012440947716e+01
6.323126552891230290e+01
6.404978471557465980e+01
6.487356769970335790e+01
6.570261445532034372e+01
6.653692501354065314e+01
6.737649932184648094e+01
6.822133751103501709e+01
6.907143943981994028e+01
6.992680515328359547e+01
7.078743465545073832e+01
7.165332793244527920e+01
7.252448502867773072e+01
7.340090588805867355e+01
7.428259055909019537e+01
7.516953900514951670e+01
7.606175123561880014e+01
7.695922726771814837e+01
7.786196709218967271e+01
7.876997068651635914e+01
7.968323809094911780e+01
8.060176927235966104e+01
8.152556422193445940e+01
8.245462300199910999e+01
8.338894555191080826e+01
8.432853187150384144e+01
8.527338200326704509e+01
8.622349591616115561e+01
8.717887364628859359e+01
8.813951513936302717e+01
8.910542042245884886e+01
9.007658949279998239e+01
9.105302235744140660e+01
9.203471901040781233e+01
9.302167944653911036e+01
9.401390367875421816e+01
9.501139168147794578e+01
9.601414348052027492e+01
9.702215909705836339e+01
9.803543848718474862e+01
9.905398165609716443e+01
1.000777886161599781e+02
1.011068593683041854e+02
1.021411939181889181e+02
1.031807922420960324e+02
1.042256543625725556e+02
1.052757802752816758e+02
