-5.293082939260922409e-15
3.943945717665826856e-03
1.572904585186779905e-02
3.521520705351918051e-02
6.216934215338136560e-02
9.626600573719718001e-02
1.370883502200410387e-01
1.841294694737965476e-01
2.367942172518743560e-01
2.944016083813577600e-01
3.561879318861396193e-01
4.213107265526007117e-01
4.888537904274704582e-01
5.578334155808485351e-01
6.272060569681834341e-01
6.958776578159040493e-01
7.627148614348385758e-01
8.265583380051960694e-01
8.862384411471674328e-01
9.405933788122312622e-01
9.884900311260145234e-01
1.028847468776100449e+00
1.060663113192812368e+00
1.083041328209925380e+00
1.096366091057551229e+00
1.106981535222421487e+00
1.115476403514829684e+00
1.121268465553118876e+00
1.123785125772421178e+00
1.122463057034558842e+00
1.116750023501026146e+00
1.106108896178030321e+00
1.090023987966972197e+00
1.068009948398697340e+00
1.039623570638201766e+00
1.004478982313445456e+00
9.622668239010094826e-01
9.127781705698480019e-01
8.559341326944480688e-01
7.918222849882015080e-01
7.207413342127707567e-01
6.432557527060603908e-01
5.602624944712906174e-01
4.730723910236053209e-01
3.835094193092506432e-01
2.940317739783046003e-01
2.078795997121817007e-01
1.292553958026692318e-01
6.354455880914373911e-02
1.758536294217902252e-02
-5.278747671071905443e-15
1.905019950542966717e-02
7.457660026946102971e-02
1.643632443680234645e-01
2.864730211530985837e-01
4.392326500170124493e-01
6.212218692943928255e-01
8.312667379317748573e-01
1.068437092630836638e+00
1.332048349296712120e+00
1.621668001978294971e+00
1.937127365181137595e+00
2.278539339387256835e+00
2.646323271724346782e+00
3.041238357018697158e+00
3.464427510425533985e+00
3.917474285207513507e+00
4.402476270304629402e+00
4.922139570665122754e+00
5.479900577215111923e+00
6.080083461285279434e+00
6.728104958984322259e+00
7.430742464281915538e+00
8.196487864085501229e+00
9.036018913657501983e+00
9.962833817005108727e+00
1.099411552419861771e+01
1.213866169178717058e+01
1.333279830715324366e+01
1.456017472249152256e+01
1.581584049800821035e+01
1.709482869356327939e+01
1.839218295762858446e+01
1.970297712975950333e+01
2.102232836820637729e+01
2.234540478973165989e+01
2.366742855468181972e+01
2.498367528110642510e+01
2.628947050724747569e+01
2.758018400845099194e+01
2.885122248276501367e+01
3.009802122190620821e+01
3.131603523117841448e+01
3.250073023413369810e+01
3.364757395956286956e+01
3.475202807121564774e+01
3.580954108035026451e+01
3.681554257406786945e+01
3.776543909048289294e+01
3.865461197930851256e+01
3.947841760435573377e+01
4.023219026638253126e+01
4.091124826086988975e+01
4.151090351453837002e+01
4.202647529568830720e+01
4.245330853021564366e+01
4.278679730754312516e+01
4.302241420402591388e+01
4.315574609408542273e+01
4.318253715033664264e+01
4.309873975816037017e+01
4.290057406482585378e+01
4.258459685492064750e+01
4.214778037572521896e+01
4.158760161296716973e+01
4.090214233153015755e+01
4.009019990394834565e+01
3.915140861093927782e+01
3.808637053808133999e+01
3.689679456307947447e+01
3.558564111853658574e+01
3.415726936585367213e+01
3.261758218130161424e+01
3.097416305194752795e+01
2.926688370813250373e+01
2.767453838049049608e+01
2.619719435233858817e+01
2.480787253853020502e+01
2.348481568949478060e+01
2.221035402135737868e+01
2.097008377461107287e+01
1.975227343111281186e+01
1.854743942009969970e+01
1.734805140236963084e+01
1.614833982211355945e+01
1.494418730829080388e+01
1.373309195591835774e+01
1.251419538599283854e+01
1.128837231511953831e+01
1.005838157018873247e+01
8.829081344106562312e+00
7.607714229357140923e+00
6.404270373309956632e+00
5.231940142802874227e+00
4.107671135740591950e+00
3.052848418713176137e+00
2.094121714302775494e+00
1.264409166092491654e+00
6.041145903491570435e-01
1.626041827083487823e-01
-5.165045274098983433e-15
1.669986923981943705e-01
6.372107147291414808e-01
1.369732711790359048e+00
2.329901978625771086e+00
3.488451046827237167e+00
4.820808485697379631e+00
6.306523183526436149e+00
7.928794167790198522e+00
9.674092019132489284e+00
1.153186134740380453e+01
1.349429681076711063e+01
1.555618793519946408e+01
1.771483068945209993e+01
1.997000655525944168e+01
2.232403289259001511e+01
2.478189196573834607e+01
2.735145036797642604e+01
3.004378616812275382e+01
3.287364847391840783e+01
3.586008408781565748e+01
3.902727972674594525e+01
4.240568770345578997e+01
4.603353073457589062e+01
4.995882188263000501e+01
5.424209522585579890e+01
5.896013200796883780e+01
6.414102414250221784e+01
6.943398776530113992e+01
7.475125112669672944e+01
8.006769252113997482e+01
8.535950050761374541e+01
9.060420408798475478e+01
9.578066498717075206e+01
1.008690404245622005e+02
1.058507237277633521e+02
1.107082691163560213e+02
1.154253059731004214e+02
1.199864470061104242e+02
1.243771939106140394e+02
1.285838434108928254e+02
1.325933959920523364e+02
1.363934691369512962e+02
1.399722164985363975e+02
1.433182541355417925e+02
1.464205947264838983e+02
1.492685905100839250e+02
1.518518856154209971e+02
1.541603783946477790e+02
1.561841943671786055e+02
1.579136704167534049e+02
