3.999999999994267696e+00
3.982494519496726060e+00
3.964978030762837058e+00
3.947450462392574799e+00
3.929911742209255987e+00
3.912361797377392314e+00
3.894800554201268472e+00
3.877227938289127263e+00
3.859643874352897353e+00
3.842048286407529378e+00
3.824441097621488872e+00
3.806822230342334912e+00
3.789191606080133834e+00
3.771549145495945776e+00
3.753894768386271785e+00
3.736228393671185977e+00
3.718549939382052472e+00
3.700859322644445282e+00
3.683156459663975646e+00
3.665441265710020602e+00
3.647713655114051878e+00
3.629973541229621237e+00
3.612220836448378325e+00
3.594455452117067296e+00
3.576677298617173761e+00
3.558886285286283702e+00
3.541082320410283923e+00
3.523265311211635442e+00
3.505435163828403144e+00
3.487591783296458470e+00
3.469735073534873315e+00
3.451864937316444948e+00
3.433981276255951620e+00
3.416083990767807332e+00
3.398172980134652299e+00
3.380248142339951745e+00
3.362309374154190067e+00
3.344356571077244489e+00
3.326389627322132281e+00
3.308408435791879043e+00
3.290412888052122842e+00
3.272402874310356147e+00
3.254378283411651474e+00
3.236339002729325287e+00
3.218284918254393556e+00
3.200215914498076408e+00
3.182131874480263800e+00
3.164032679704033235e+00
3.145918210121321223e+00
3.127788344107515162e+00
3.109642958429375437e+00
3.091481928236530674e+00
3.073305126947350807e+00
3.055112426334041231e+00
3.036903696412805775e+00
3.018678805427929213e+00
3.000437619816330503e+00
2.982180004171301579e+00
2.963905821205096380e+00
2.945614931710558881e+00
2.927307194521834521e+00
2.908982466473685857e+00
2.890640602360844635e+00
2.872281454894313857e+00
2.853904874657577917e+00
2.835510710062036033e+00
2.817098807300025154e+00
2.798669010297453852e+00
2.780221160664450242e+00
2.761755097645120838e+00
2.743270658065523282e+00
2.724767676280722029e+00
2.706245984117827241e+00
2.687705410821074725e+00
2.669145782992970783e+00
2.650566924534072388e+00
2.631968656580977672e+00
2.613350797442441920e+00
2.594713162533494266e+00
2.576055564307512036e+00
2.557377812186119037e+00
2.538679712486919815e+00
2.519961068349254596e+00
2.501221679656801644e+00
2.482461342958280692e+00
2.463679851385402575e+00
2.444876994568097928e+00
2.426052558546964999e+00
2.407206325682755388e+00
2.388338074562815549e+00
2.369447579904312207e+00
2.350534612454208805e+00
2.331598938885657279e+00
2.312640321690792256e+00
2.293658519070094659e+00
2.274653284817003573e+00
2.255624368198827057e+00
2.236571513833526037e+00
2.217494461562182551e+00
2.198392946315992358e+00
2.179266697978863299e+00
2.160115441244575774e+00
2.140938895468419645e+00
2.121736774513364843e+00
2.102508786590140399e+00
2.083254634091116220e+00
2.063974013417634090e+00
2.044666614799333093e+00
2.025332122108001176e+00
2.005970212661924990e+00
1.986580557026309757e+00
1.967162818797872470e+00
1.947716654386165480e+00
1.928241712784269701e+00
1.908737635328950466e+00
1.889204055450147024e+00
1.869640598410250432e+00
1.850046881014411060e+00
1.830422511392627793e+00
1.810767088600022667e+00
1.791080202353331208e+00
1.771361432727819984e+00
1.751610349780853504e+00
1.731826513180793281e+00
1.712009471916703385e+00
1.692158763768179863e+00
1.672273914967707942e+00
1.652354439755901572e+00
1.632399839922940021e+00
1.612409604307527111e+00
1.592383208298547848e+00
1.572320113282798193e+00
1.552219766080668917e+00
1.532081598346711315e+00
1.511905025930654789e+00
1.491689448202603074e+00
1.471434247337634060e+00
1.451138787561115695e+00
1.430802414345878404e+00
1.410424453536537337e+00
1.390004210471271762e+00
1.369540968977105422e+00
1.349033990359092883e+00
1.328482512278942540e+00
1.307885747579364599e+00
1.287242882990049075e+00
1.266553077795548488e+00
1.245815462347354519e+00
1.225029136486421422e+00
1.204193167837963152e+00
1.183306589965097855e+00
1.162368400366920129e+00
1.141377558310562979e+00
1.120332982461409888e+00
1.099233548301200347e+00
1.078078085302982991e+00
1.056865373830688570e+00
1.035594141726669859e+00
1.014263060544395856e+00
9.928707413753622424e-01
9.714157302111261494e-01
9.498965027706578468e-01
9.283114587080980584e-01
9.066589151026483995e-01
8.849370991048385315e-01
8.631441395983391329e-01
8.412780576770508834e-01
8.193367558139167395e-01
7.973180053080827223e-01
7.752194318297817022e-01
7.530384985767758499e-01
7.307724866064770897e-01
7.084184716900006062e-01
6.859732969536636027e-01
6.634335403364101102e-01
6.407954756585780842e-01
6.180550257804698910e-01
5.952077059171752005e-01
5.722485546556169700e-01
5.491720495116266809e-01
5.259720030515907530e-01
5.026414343681490093e-01
4.791724093010870100e-01
4.555558407031294332e-01
4.317812375921804002e-01
4.078363883529487754e-01
3.837069582933834710e-01
3.593759753144432079e-01
3.348231663937535352e-01
3.100240942713441417e-01
2.849490172672808352e-01
2.595613571680160936e-01
2.338155903147237924e-01
2.076542507593749642e-01
1.810034899772688111e-01
1.537661265512410280e-01
1.258099344745755022e-01
9.694583625135602678e-02
6.688067530259088345e-02
3.508485648261989998e-02
-8.882295095020947172e-22
