1.278995723381630922e+00
8.134884868627488830e-01
1.782968475665658525e+00
3.071664844799543714e-01
1.065623642582024688e+00
1.292973710181251068e+00
1.517503032340692615e+00
1.516413277477233645e+00
1.037033076379034080e+00
2.142932319259271523e+00
4.932971735193171225e-01
1.782405655990093041e-01
8.656148379613206600e-01
5.976576570353246964e-01
2.608856624640230604e-01
1.930990142110678098e+00
8.290018807938518419e-01
1.792967629038335176e+00
1.540460869708376146e+00
3.987206573532456888e-01
1.543111167283756302e+00
3.501391582338663211e-01
2.952224394205428815e-01
2.625558957173447783e-01
2.222811696287114169e-01
2.379854655938123731e+00
1.299839160956806294e+00
1.041452520751380062e+00
4.958388030893693399e-01
6.117932757156308021e-01
3.557207215951784796e-01
8.005855824974330570e-01
3.360894384411504121e-01
3.125903897344324833e-01
2.226596371057261159e+00
1.024194100245737982e+00
6.326963943409182889e-01
2.878165896839354199e-01
6.938979854747515663e-01
1.442066846599365348e+00
1.458543971102940429e+00
1.064847228314141914e+00
8.153119962347348260e-01
2.154183702094435215e+00
9.063274475074496461e-01
6.988543133880487090e-01
8.251565937581558652e-01
5.530041104003852181e-01
6.188497429885829737e-01
7.067115156064116555e-01
8.924907551045215826e-01
5.517748766336756372e-01
5.513896432572207296e-01
1.352294038489785022e+00
7.176543669384310986e-01
2.859200520576067994e+00
4.982645069055113840e-01
1.282487172883821636e+00
3.149428802775403047e-01
9.382842345738386935e-01
1.117893629871771211e+00
1.676084092592112995e+00
1.518439595047878399e+00
9.019559264879847271e-01
2.463825314170873693e+00
1.083924920486990073e+00
9.024303313885484457e-01
1.775882098253428243e+00
1.119256847156288703e+00
5.318276089134458262e-01
1.979073969869671323e+00
5.305655729722175140e-01
5.525087007968089159e-01
1.237463238196253146e+00
2.480339745268405949e+00
4.235553401950213348e-01
1.970718568606883325e+00
1.152650358990224611e+00
1.702617090007859213e+00
8.018833984028057582e-01
1.019771380807221295e+00
8.388272073098694825e-01
1.040955584577883730e+00
1.136932944682232660e-01
1.559648796202887377e-01
4.505326692395090760e-01
1.331261376618902981e+00
5.527589868784157368e-01
3.862557248575771429e-01
4.136844623483703631e-01
2.265294577895597516e+00
4.296888555526485187e-01
2.888523239635897855e-01
2.390851855576496821e+00
8.314701234685342168e-01
1.099795041220348102e+00
5.638794502192688851e-01
6.710469777812623215e-01
7.889233994931916794e-01
4.957990394046582483e-01
1.246479738298168716e+00
1.447271410098991629e+00
6.491469138371409597e-01
1.178132907125128526e+00
1.309418921688692450e+00
5.149956684866314749e-01
6.614049472289637022e-01
8.154952635613847978e-01
6.704764886786522826e-01
1.886266266144119408e+00
1.815814959590201227e-01
1.628667370370475931e+00
8.484726361245220616e-01
5.299680153069378230e-01
3.791392662720866058e-01
2.648213332121336805e+00
1.125503439771202263e+00
8.350519216276917067e-01
8.034371088097648217e-01
6.798528866237121271e-01
7.693487212038629952e-01
1.558779797097636033e+00
9.575300791565690695e-01
1.020907563944351670e+00
1.319482473416845103e+00
2.248144240607725663e+00
1.543201661917248169e+00
1.440078612600046215e+00
1.378106003535732649e+00
2.595788954226648237e-01
8.956832845135095367e-01
6.900378182020935891e-02
8.684834522844200322e-01
9.492216896240336377e-01
1.084957157743497769e+00
9.891267940334625974e-01
1.204512357861981853e+00
1.650559497489568761e+00
8.140038303512168172e-01
5.334898905841813921e-01
3.085142840589451541e-01
9.169055733195512481e-01
6.466335651287054009e-01
1.860591664294363845e+00
6.438410346898518766e-01
5.380476918270180597e-01
7.298930545590556207e-01
2.280190795361622946e+00
1.900419782424878745e+00
9.316445187980937348e-01
4.847187924835032469e-01
1.180438599407122702e+00
8.493401427403760584e-01
1.885364510728695819e+00
1.330515068298192771e+00
5.964930676409957444e-01
3.421410657594550764e-01
9.251477017665455937e-01
1.127129005679686546e+00
7.892418230213034125e-01
3.512531046938555113e-01
5.203872768391591963e-01
9.208377601379681421e-01
8.781804318436587931e-01
1.088507878930341732e+00
8.144123421045231792e-01
4.196727744469751498e-01
9.821325163133380887e-01
5.626722418340625032e-01
1.137934351981252590e+00
8.287269547898165056e-01
1.368778007000385488e-01
1.071412155056247428e+00
4.332479039545809596e-01
6.968770786749575175e-01
3.333610600150847536e-01
4.704257482572689608e-01
1.660410400980820933e+00
5.202526596857495189e-01
4.855406603100958507e-01
4.281829913208087812e-01
2.928497924826797272e-01
1.206745113631541022e+00
1.333065617762126953e+00
2.235859875700936805e-01
3.208832853531935481e-01
1.476003319435845729e+00
8.146286860126537022e-01
9.226151011822673054e-01
8.543564544589213883e-01
3.074610779564281859e+00
8.447691404991990449e-01
2.159706308229849991e+00
1.110924375347772219e+00
7.094706018698275773e-01
6.951370398377952897e-01
1.085252516910053755e+00
5.152482706728687134e-01
2.308092131164280580e+00
1.445817784347796175e+00
5.068048643853608759e-01
1.546522493482604066e+00
7.383976391862497879e-01
7.840814729585732223e-01
2.074621074716653801e+00
6.798750336009877770e-01
1.083388292325664581e+00
8.126427073460853467e-01
1.411262651805200441e-01
5.263471301851671003e-01
1.869728732137571625e-01
3.123970535390002468e+00
1.405265486400219643e+00
2.655257736141819258e+00
1.498407958897368664e+00
1.980847686225589266e+00
4.903039365650319059e-01
2.098156072818382789e+00
3.484712399812648354e-01
1.002114163107935552e+00
2.145211839863200076e+00
1.298079892250844969e+00
4.672686977860106006e-01
1.064533621193877400e+00
2.504601088702996581e+00
1.549980070176576019e+00
1.047382786402637267e+00
4.233040219099519219e-01
1.661368773768543416e+00
6.642716370850509922e-01
2.747788392877655861e-01
8.484217928173686252e-01
4.330388600099671637e-01
8.803222134628392315e-01
3.342493983234268717e-01
5.731004198417946061e-01
2.512427492244505345e+00
1.082929768189714537e+00
2.193553870781539405e+00
1.866512996373505429e+00
7.834468668907943467e-01
2.296709617269326209e+00
5.185487908543194857e-01
8.672444245922564798e-01
9.548983079388211337e-01
5.990162720994175460e-01
1.323530699238876451e+00
1.583335099642029009e+00
7.217933327377701325e-01
2.657031806052211897e-01
2.832362539499519993e-01
9.231347703284424888e-01
1.130896819325862834e+00
1.655917676767512781e+00
1.924453281098968516e+00
5.261683095471608729e-01
3.639335469937884371e-01
5.110180469981292495e-01
1.654117344107882914e+00
4.178392906714190058e-01
8.318655573510657097e-01
1.091782060244488095e+00
1.680464259263341642e+00
7.719713712833118358e-01
4.588799418188764800e-01
4.385891291209978449e-01
4.502890383320314327e-01
2.696175186387210765e+00
2.414228398892022120e+00
1.994702632150834321e+00
6.905567184823616644e-01
6.204298458165844465e-01
1.086177171968476074e+00
7.637889245008984140e-01
9.367327378394181281e-01
4.045389502023560291e-01
1.420003166820854812e+00
8.480645851839812011e-01
8.721227657258580068e-01
4.054909364730893695e-01
1.520475029146378221e+00
4.827864645275338762e-01
6.325484218146067983e-01
1.444957037340420802e+00
2.477499313377617696e-01
1.418397173775794329e+00
3.973445271295460990e-01
6.417753516513138301e-01
1.086096729542460837e+00
1.965460698626536384e+00
4.735912103716795607e-01
2.444242200071685911e+00
7.897010674288962306e-01
6.094129736332221103e-01
1.694907139119258055e+00
1.458928081681301281e+00
1.242745773648215923e+00
1.106364308845750433e+00
7.071486161322475539e-01
1.813576583866956859e+00
9.322249617457817328e-01
6.229171297898000725e-01
1.136787663464240872e+00
6.573486485617525688e-01
9.357915184163679845e-01
1.713518181995782319e+00
5.618636880205661877e-01
5.430931827616370944e-01
1.461824544577764007e+00
6.780676009620116573e-02
1.194890260795892445e+00
8.031815396795232154e-01
7.183944743061991822e-01
1.186608272001673514e+00
3.281113870310778058e+00
9.452125700823231780e-01
9.730508148210583741e-01
1.183533464017466397e+00
8.814283315667856833e-01
1.280671982364313566e+00
8.117947504330117470e-01
8.719049029377283766e-01
8.917017148162552642e-01
5.531708102517804981e-01
9.970589372715100707e-01
4.543895322775775569e-01
2.160437090907926017e+00
6.175228494592288619e-01
8.987924728860505752e-01
5.905902679464689609e-01
2.551202742061343676e-01
2.497194902570575026e-01
4.217182863454883024e-01
1.606989155015322579e-01
6.562765081297132763e-01
3.069696601835092409e-01
5.280232464208857168e-01
6.087627435572632306e-01
1.443957440932321701e+00
3.965246777904679609e-01
1.566790663607125822e+00
4.568922782883929612e-01
8.004167104263908428e-01
4.794564248200011702e-01
1.472690512387868411e+00
1.026854209775415194e+00
1.210232756743329530e+00
1.464103588138960577e+00
1.078317334633193791e+00
1.855177500719893180e+00
4.427519147492080531e-01
4.367723541247436336e-01
1.140566919412171476e+00
1.603561351067149365e+00
2.991523151352426524e-01
8.971682226661670256e-01
3.683699551713648934e-01
1.413197022366707190e+00
3.930662087479735445e-01
1.113136777117988085e+00
8.856869999773293589e-01
1.978379498578246853e-01
8.061852855382865002e-01
5.035367495001504823e-01
1.144336112419272133e+00
1.024720431424639866e+00
2.891578436593658097e+00
2.936638231920656872e-01
1.007509527893809320e+00
3.881307730470569539e-01
1.183668893096432528e+00
3.026437710309795581e-01
4.496405758920933304e-01
8.391100940938236441e-01
7.564266371904784236e-01
2.014351460353795975e+00
9.328513743777046008e-01
6.510507320188977376e-01
2.593038584753818210e+00
1.068644815465430886e+00
3.597026991012713393e-01
1.287798804048717383e+00
1.156995977442657031e+00
2.178427466399862622e-01
8.318638039172053800e-01
1.079367379998127152e+00
3.557774210180510432e-01
1.363739120940800076e+00
1.839674715431505181e-01
4.775075157441042162e-01
1.076562959758530003e+00
1.264306271394290526e+00
7.468864571564142185e-01
1.010727092682849992e+00
2.002990267130133895e-01
1.004223823786097869e+00
3.813017208145402237e-01
2.098329270152635984e-01
6.521742797280141168e-01
1.342601877961513201e+00
7.887274218322437580e-01
1.188681957887173901e+00
1.113681964742089026e+00
4.542429648863007818e-01
5.869362814836028841e-01
4.678350644833182970e-01
9.673754642415327565e-01
1.226278532250954845e+00
1.077033513767331030e+00
5.464156065860020783e-01
5.915535848809356789e-01
7.140073702103528763e-01
7.088894455585166288e-01
9.944187494693748075e-01
7.625545057145619587e-01
2.199361645064209281e+00
2.003492286216685070e+00
1.309598220068844299e+00
7.435944937204881366e-01
5.913539728003520679e-01
7.579865193717342242e-01
1.615608064904795915e+00
1.866266352017048380e+00
1.769673520083315132e+00
1.967555063029018392e-01
2.201610265092265040e-01
5.208756781189665119e-01
6.490783609901348283e-01
3.016172293465658072e+00
8.909501729567179673e-01
1.070603050973442327e+00
1.230609071352324779e+00
2.434170614762456886e+00
2.696969287597161258e-01
1.006035531492104562e+00
4.242005200189602476e-01
1.823871929919798740e+00
1.030350996443576639e+00
6.243199219408387401e-01
1.879294084100552764e+00
8.316816756058965643e-01
6.987690325113964374e-01
1.844106833006267987e+00
2.197124770163779051e+00
1.205698722608016249e+00
1.601567676671030949e+00
6.205412428694861982e-01
1.851549849221215016e+00
4.288007891694396445e-01
8.459408073748386769e-01
1.117000378212279044e+00
5.070082001616488254e-01
2.554984609717512178e-01
1.543115190076696397e+00
1.493281026890843188e+00
7.580083333725864403e-01
8.966802909141305955e-01
1.057953745364969889e+00
9.003864435738554439e-01
5.527510626188785192e-01
6.153060379552649506e-01
1.107751808485021749e+00
9.022674454960252222e-01
2.598748202225261705e-01
1.005429837822166661e+00
2.487058643537490010e-01
1.344789668815722150e+00
1.946912868439280242e+00
8.061840066066445765e-01
3.649587410855027469e-01
1.520463601240414020e+00
1.670298132868857977e+00
5.360159429317934432e-01
6.018165672698917446e-01
9.191560099518970572e-01
1.574207683716282613e+00
2.708018955580797082e-01
7.725614871438178932e-01
8.807183724851027629e-01
4.907512326679378534e-01
7.940777837495606173e-01
2.802916433929245610e+00
1.409078419538095206e+00
1.336446894765477067e+00
8.433042894855546923e-02
1.009419741895947409e+00
1.486786619572989299e+00
5.822120205325181930e-01
2.308683995874885486e+00
4.491685982738057858e-01
6.966730598809009467e-02
3.716187277304288106e-01
1.157794828419457467e+00
9.378673093911318315e-01
1.304825230015003834e+00
1.033304208956910442e+00
7.823015339998786732e-01
2.110522033089410610e-01
8.857030791443346596e-01
1.446681600452989214e+00
2.795334509371457665e-01
1.516996617371164924e-01
1.003352141158375233e+00
2.234160373589066939e+00
7.670440624149014175e-01
8.745982441359092530e-01
1.693258251001926951e+00
8.098398167222122801e-01
7.780759515459071407e-01
9.090066758208138475e-01
1.201731047389161589e+00
9.140596556583795440e-01
1.203120268659310321e+00
1.090312512892506414e+00
1.780350791534011323e+00
8.287983128239723163e-01
1.574424821745953773e+00
1.564162646285257807e+00
9.994221091314744454e-01
4.791510646213253954e-01
6.894518281034903717e-01
5.800800629054889690e-01
5.793860037874472013e-01
6.599748496798061304e-01
4.174827893657885869e-01
5.130954487457084490e-01
2.106905752250469277e+00
5.339023369579906086e-01
2.419855866239335906e+00
4.041998919787026523e-01
2.773769618422196714e+00
3.594288465059340965e-01
1.999137360557387444e+00
3.212531700684554958e-01
1.482518885695460975e+00
9.202017347732522889e-01
9.937323486906782799e-01
6.453642527108763849e-01
9.320033204751811962e-01
6.613550925874785991e-01
2.730463246072210581e-01
1.078335747102990988e-01
1.590792526710752997e+00
2.078039283425384909e+00
3.985051901994595691e-01
9.866901685951647849e-01
2.005900801477772388e-01
3.153759293862904212e+00
1.028770364694701067e+00
6.915145591819175097e-01
9.614096352924033084e-01
1.776220036708350936e+00
4.444159192290764726e-01
1.277437012997861832e+00
1.735794609017945911e+00
5.484225364685967330e-01
2.037487549399724929e-01
5.292394420313949466e-01
1.422825299943053290e+00
6.516707424524510461e-01
9.141397937689790254e-01
1.306205563954821347e+00
1.326104413569277607e-01
1.089132334441342165e+00
1.713669496869254794e-01
3.846457494804155219e-01
8.691712419284780555e-01
1.276666528023585157e+00
1.133794081583495261e+00
6.627718519081227111e-01
1.019408192514772438e+00
1.811726331819280889e+00
1.068641729980004840e+00
1.797667198694469448e+00
1.575504918614124783e+00
2.875306522702761880e-01
1.751534202826606545e+00
1.058583515862594027e+00
1.161134993141627714e+00
1.540817594681487490e+00
4.903354934027481793e-01
1.884385368152786122e-01
5.665315641273774849e-01
4.432583956487597954e-01
1.304152754938854075e+00
1.349415626107406618e+00
1.895383186137518328e+00
1.132502768932520443e+00
1.677700031137155656e-01
7.424840998797433977e-01
2.216357289572492117e+00
1.111198890533192207e+00
1.592568868100786572e+00
1.350239729646335096e+00
6.558235141974195770e-01
1.259742686504843556e+00
2.160142553433871626e+00
7.414985306453192315e-01
4.989245550884073843e-01
7.971273523832942409e-01
6.408269214507310574e-01
2.664589847568825220e+00
1.738660398339117563e+00
3.019229606633013763e-01
9.442005904790330417e-01
8.362390112123104791e-01
1.434621113992872621e+00
1.297795301785677813e+00
2.787189809270103513e+00
1.687648586181677901e+00
5.639646306124190822e-01
2.474012479841833922e+00
1.598472849436148313e-01
8.342189823959169637e-01
1.009692717536442519e+00
6.293358312177909086e-01
1.538833987833771566e+00
1.399519721174782738e+00
1.068442701727137401e+00
2.417517837709292294e+00
3.273121511273275330e-01
4.972428731429501259e-01
1.370222551788260246e+00
1.505872257964707250e+00
9.833968063840901053e-01
4.340770259099329120e-01
1.101664412144047756e+00
7.422865075237796706e-01
8.042142911678713535e-01
6.426897600478007622e-01
2.191410016408604555e+00
1.545024858494501219e+00
1.030775117880240677e+00
8.712063602762211145e-01
9.398917974229069605e-01
1.047020850800460146e+00
3.073928403206620974e+00
8.574689811879845358e-01
8.193993728233260887e-01
1.442852918873867019e+00
1.528821223582405686e+00
5.813062463625925380e-01
1.225776601525059517e+00
5.456337022907683521e-01
6.325070863245182418e-01
2.038560985177299667e+00
4.780823195383119284e-01
7.485421654556247972e-01
9.386333909799674524e-01
2.184409082446307604e+00
1.195644328545453883e+00
9.028504940763519837e-01
1.660337748483724507e+00
6.475220407959373370e-01
1.594405907176391635e+00
3.906440080616622734e-01
1.420816956597481973e+00
2.911576352902393583e-01
1.393294579713033055e-01
7.598934148655808185e-01
1.701083314999167317e+00
1.036558821235540329e+00
1.101107947816348132e+00
1.733673237605860562e+00
1.061081524946246413e+00
6.640137637171475982e-01
1.858068001237543898e+00
1.578160114917657397e+00
7.037689776036435418e-01
5.881188780591763976e-01
4.298214608844252993e-01
9.912845802831865560e-01
3.301730601614235039e-01
2.118008322753226924e+00
6.407841759515408020e-01
3.350804414929158259e-01
3.919053475524683083e-01
5.785892473454260498e-01
3.669738961570084834e-01
1.263612851586376706e+00
4.371848233575187370e-01
8.550891515580847368e-01
1.927464738321418736e+00
9.485522269531594386e-01
1.103054812100607629e+00
1.081070392737769836e+00
5.193451215526384557e-01
7.213899245389304715e-01
6.845326795474957482e-01
1.090278924162716878e+00
1.051656285145897707e+00
1.358567144916031699e+00
1.341109342585178998e+00
1.828879987328231038e-01
9.978788565421365941e-01
1.332270360930530417e+00
3.707324464757419391e-01
1.596835620174364090e+00
9.737934631121009099e-01
1.250893193874535569e+00
1.652230831746839712e+00
6.158696757796965349e-01
4.221573689934124407e-01
6.077895083418487499e-01
1.577578138091827453e+00
4.147501966397353357e-01
5.465724223579182528e-01
6.464420868117322083e-01
2.289718322224253699e-01
5.319959315200314259e-02
7.303321679076583139e-01
3.913875746601710448e-01
5.329385570576924414e-01
2.917444823558000166e+00
4.216671092989571767e-01
4.763293054954937378e-01
1.979992803511212651e+00
5.100661160543993322e-01
1.458576234718235165e+00
9.161975269766181595e-01
5.539946708414378307e-01
1.078126409459072788e+00
5.092500710440855949e-01
1.693814262741217158e+00
1.699076715657493075e+00
1.181009610904415918e+00
9.834735068248542378e-01
8.041794635133233671e-01
9.803604201107559701e-01
6.732022249268727609e-01
1.033858332674651992e+00
7.727400629735701187e-01
8.469288506778325232e-01
1.145184943208348072e+00
9.295548766540580043e-01
1.573274883139837321e+00
1.155943774176362959e+00
2.019180144741045957e-01
1.282543953094715361e+00
1.240138235999907357e+00
4.292370256863231037e-01
1.059375492421339660e+00
1.778187261904971450e+00
6.284652194587520002e-01
9.176696412361968758e-01
1.069453850732933642e+00
1.167433189972281182e+00
2.434076823606453610e-01
5.186040083160267100e-01
1.209884609646209253e+00
6.831330065103073945e-01
1.186355308601140468e+00
7.770849175713565593e-01
8.228219502877606173e-01
3.305355450723539423e-01
5.408243376020799298e-01
6.952821815133083394e-01
1.010580786867853575e+00
2.368536819379392977e+00
1.115847307585074777e+00
9.890078110295071889e-01
8.961905545843468213e-01
1.171966558172228501e+00
7.227953430198496010e-01
1.762573108365802499e+00
7.066310317728193846e-01
3.042930338038218885e-01
1.652985632788873005e+00
2.373854606753989849e+00
8.545904988197440266e-01
1.197562756910922177e+00
1.041744091227029045e+00
6.565097377503041898e-01
9.257503793116647062e-01
5.408697519099607831e-01
1.041741127918679455e+00
7.527497860304535049e-01
1.910871896550681570e-01
1.599443231617620587e+00
9.803506391927020447e-01
1.027376281752974352e+00
4.085672290464253398e-01
9.806390329709826492e-01
6.844518183245802412e-01
1.429923713271994190e+00
1.345322703051619939e+00
1.551944367879412034e+00
9.599576287932241048e-01
8.341874894070737678e-01
2.163991209082607725e-01
4.697981711315157294e-01
8.341251233149590272e-01
5.989000913153005312e-01
3.767457600921457206e-01
1.692781701134817185e+00
2.206367997777111345e+00
1.053133383297794934e+00
4.819576115317996678e-01
9.419272364834241351e-01
7.229618381311970765e-01
1.681206254350050333e+00
9.623763442769659449e-01
5.061824786034616608e-01
2.532074960085898940e+00
7.345349552270769022e-01
1.816841656060300403e-01
1.041063744628957455e+00
5.023190512212712955e-01
1.925087995694976906e+00
1.005168027900381622e+00
1.201738662811540514e+00
3.174752007010620769e+00
9.711863910713213199e-01
2.757137566663954709e-01
9.013199152672499714e-01
1.236637899708914023e+00
5.302741094995642168e-01
5.968627324292679059e-01
1.406543842324444071e+00
1.136642213515936417e+00
9.750874916174366858e-01
2.975643049187620459e+00
1.375481263967784251e+00
1.846502516587420706e+00
1.221935291510252375e+00
1.552903158202532552e+00
2.029326094997208063e+00
1.721184324219379169e-01
5.271794810605681114e-01
1.644417967731317987e+00
6.105076495904272482e-01
9.368765780768496532e-01
1.783589765178831721e+00
8.059320197346547809e-01
5.214848047296085642e-01
9.036212730844273011e-01
4.794416176224419179e-01
1.198263146805163659e+00
2.065526493306672151e+00
9.739414848452925266e-01
1.091793004803355061e+00
1.088982683987218758e+00
2.168731440688760781e+00
1.171048650894422449e+00
1.612147232641294670e+00
6.993290750912704024e-01
9.427230410348049761e-01
1.200640641153293831e-01
8.348475686955886266e-01
1.211570078622939528e+00
1.785795744794752782e+00
9.035702939781621590e-02
1.708101259209150236e+00
8.793606537888513097e-01
1.152005653458819667e+00
3.635635755452097384e-01
7.006514732241686527e-01
1.698061837287436093e+00
1.167493937814986449e+00
7.713530954005618501e-01
4.866441337291629310e-01
5.500272559806855810e-01
9.727447346721194155e-01
1.208912199300262280e+00
5.820064481251889799e-01
1.490750290283287649e+00
1.042409579126677865e+00
2.356929069273607791e+00
1.485123643066089905e+00
2.552538297526966149e-01
7.793124189151515724e-01
1.241144697290669674e+00
5.436336295293475729e-01
1.506532924188167977e+00
9.582117736000211883e-01
7.900877684005851442e-01
8.215068867337210756e-01
8.027593696157261371e-01
4.068658199511075990e-01
1.495205988131796726e+00
4.272884587823002622e-01
5.764008354066382234e-01
6.981079006720615210e-01
5.523415126310993184e-01
1.534066651242094848e+00
3.093652530062896422e-01
6.727589211578532957e-01
1.187043635527437413e+00
6.394429388019483573e-01
7.592045696074173344e-01
7.392457056764647483e-01
1.034577817368085517e+00
5.089543204314489477e-01
7.147510043398380697e-01
9.083576717927676070e-01
2.528218941149673160e+00
7.448137451660034047e-01
1.865653253151722923e+00
6.345678109678075662e-01
5.031969535032470020e-01
4.993320321821080321e-01
7.509705066138371299e-01
7.558121702467942571e-01
8.127432128029890013e-01
7.453335463833808960e-01
5.202920117666124389e-01
1.559713171242063767e+00
1.793299819648108417e-01
1.498972721331736757e+00
3.157727120842648838e-01
1.105054752517964145e+00
4.089611850999657627e-01
8.406821469787086887e-01
4.365772464063475411e-01
7.133579108705386806e-01
1.288284037517679614e+00
5.852302411593764964e-01
1.094380898048833650e+00
9.296477768223789795e-01
7.390127025673067784e-01
1.316172990626406802e+00
8.087652398975284651e-01
1.259863442756238294e+00
1.765947798956175818e+00
8.407813793512126654e-01
1.385761234026126054e+00
7.810698997380835507e-02
7.077438631042567430e-01
1.638085341863488864e+00
1.016171003551897378e+00
6.129614256826917407e-01
9.537464150600319934e-01
4.011297930558483937e-01
1.010566284916613711e+00
3.912275577587663866e-01
1.307390684307284667e+00
1.111646525882768799e+00
1.352784905376684721e+00
4.353887751979691467e-01
1.506498922103300719e+00
6.712230050766384570e-01
1.796045748709499179e+00
1.162563000947218095e+00
6.666725701787912239e-01
7.811302437106493191e-01
9.104134578873690486e-01
2.133920499741566612e+00
1.469654522150715348e+00
7.940447164285383552e-01
1.442102759990581795e+00
2.800160987842142402e-01
1.484361220978331231e+00
1.169247680345413265e+00
3.535796796498460459e-01
1.498322441449179809e+00
7.405439718097350799e-01
3.168984675286975694e+00
9.619443228803749024e-01
5.499100955841670357e-01
9.835781182839239412e-01
1.015870345113399908e+00
1.668906673029100451e+00
1.310844785261009893e+00
9.906025335625930905e-01
1.396485595996028284e+00
1.359960489644257142e-01
5.954438270621674745e-01
7.732149885298189584e-01
1.268631727956846422e+00
2.999635532858194731e-01
2.532864234911329504e+00
8.254607238738600472e-01
1.731093676158566574e-01
9.732320997536164642e-01
2.384845579854184994e+00
5.833764581548976924e-01
1.945583014041954772e+00
1.224615934041046739e+00
4.079539742736664198e-01
1.183058444385368002e+00
7.350346576450490499e-01
1.832547448702898318e+00
5.996447849172651390e-01
1.262149080670934786e+00
8.527111492753294275e-01
2.858322496434851923e-01
6.589819290706184773e-01
1.887944506460446925e-01
6.967781243918454992e-01
8.042431652300544576e-01
1.280061313866194483e+00
1.729895985943573633e-01
8.015009351987619768e-01
1.521378789555589250e+00
4.173666922628318510e-01
5.986672813977400587e-01
1.259366414673364964e+00
4.906689971465812428e-01
6.079879668575016716e-01
1.091471968393696867e+00
