3.999999999999023892e+00
3.984982789083448385e+00
3.969931061877083778e+00
3.954844676328392872e+00
3.939723489293723180e+00
3.924567356607445490e+00
3.909376133035908918e+00
3.894149672319823008e+00
3.878887827140917288e+00
3.863590449097364043e+00
3.848257388713542948e+00
3.832888495418408148e+00
3.817483617493061754e+00
3.802042602255863102e+00
3.786565295678173459e+00
3.771051542714418225e+00
3.755501187152687770e+00
3.739914071607021828e+00
3.724290037512297591e+00
3.708628925198361515e+00
3.692930573442807063e+00
3.677194820327413627e+00
3.661421502354993862e+00
3.645610454870901851e+00
3.629761511946818064e+00
3.613874506432761979e+00
3.597949269840493347e+00
3.581985632395090935e+00
3.565983423009098985e+00
3.549942469271583523e+00
3.533862597423088836e+00
3.517743632333570680e+00
3.501585397539677569e+00
3.485387715143157372e+00
3.469150405840682794e+00
3.452873288941220586e+00
3.436556182294006945e+00
3.420198902298395183e+00
3.403801263884538741e+00
3.387363080495587653e+00
3.370884164070567124e+00
3.354364325027848093e+00
3.337803372246443523e+00
3.321201113050117115e+00
3.304557353188617874e+00
3.287871896819526629e+00
3.271144546490039939e+00
3.254375103118272605e+00
3.237563365962628836e+00
3.220709132653438722e+00
3.203812199091097934e+00
3.186872359487367135e+00
3.169889406327675463e+00
3.152863130351435839e+00
3.135793320531841122e+00
3.118679764055073189e+00
3.101522246299612373e+00
3.084320550814831474e+00
3.067074459299876654e+00
3.049783751581964353e+00
3.032448205594414414e+00
3.015067597354699647e+00
2.997641700941431342e+00
2.980170288471626350e+00
2.962653130078954700e+00
2.945089993889648206e+00
2.927480645998700393e+00
2.909824850446286693e+00
2.892122369194127351e+00
2.874372962100840923e+00
2.856576386898063813e+00
2.838732399166166154e+00
2.820840752309313526e+00
2.802901197527351229e+00
2.784913483793817868e+00
2.766877357829350181e+00
2.748792564075798417e+00
2.730658844669902052e+00
2.712475939417542392e+00
2.694243585767796212e+00
2.675961518786194038e+00
2.657629471128005072e+00
2.639247173011824543e+00
2.620814352192350150e+00
2.602330733934292262e+00
2.583796040984418951e+00
2.565209993545082945e+00
2.546572309248154031e+00
2.527882703127154240e+00
2.509140887590569413e+00
2.490346572395322422e+00
2.471499464620895203e+00
2.452599268641608710e+00
2.433645686102243744e+00
2.414638415891535939e+00
2.395577154116405261e+00
2.376461594066607841e+00
2.357291426243926846e+00
2.338066338231623131e+00
2.318786014778005278e+00
2.299450137721020138e+00
2.280058385976798441e+00
2.260610435518096040e+00
2.241105959357416744e+00
2.221544627527199278e+00
2.201926107063213234e+00
2.182250061989942758e+00
2.162516153305841016e+00
2.142724038972962486e+00
2.122873373906785766e+00
2.102963809969224496e+00
2.082994995963886264e+00
2.062966577634676835e+00
2.042878197666733620e+00
2.022729495691891977e+00
2.002520108297296542e+00
1.982249669038135265e+00
1.961917808455654333e+00
1.941524154108259070e+00
1.921068330556494175e+00
1.900549959484908680e+00
1.879968659656158003e+00
1.859324047003580116e+00
1.838615734679624580e+00
1.817843333122129756e+00
1.797006450130545385e+00
1.776104690952958531e+00
1.755137658385582888e+00
1.734104952885151540e+00
1.713006172696238005e+00
1.691840913994556272e+00
1.670608771048021302e+00
1.649309336393553815e+00
1.627942201055081917e+00
1.606506954745102522e+00
1.585003186133752351e+00
1.563430483125689774e+00
1.541788433173325812e+00
1.520076623625412626e+00
1.498294642114789799e+00
1.476442076988863539e+00
1.454518517789474386e+00
1.432523555783584923e+00
1.410456784554076970e+00
1.388317800655109790e+00
1.366106204339524677e+00
1.343821600366059466e+00
1.321463598895027181e+00
1.299031816482059343e+00
1.276525877180507695e+00
1.253945413764238070e+00
1.231290069083608607e+00
1.208559497568703733e+00
1.185753366895339278e+00
1.162871359830176088e+00
1.139913176275477058e+00
1.116878535516560023e+00
1.093767178728628942e+00
1.070578871714534586e+00
1.047313407926738771e+00
1.023970611776346962e+00
1.000550342245298818e+00
9.770524968051240711e-01
9.534770156425110832e-01
9.298238861641725528e-01
9.060931477425671066e-01
8.822848966190272035e-01
8.583992908306232739e-01
8.344365549660363035e-01
8.103969844499175901e-01
7.862809488681452574e-01
7.620888937746013170e-01
7.378213399701620823e-01
7.134788790515028678e-01
6.890621634316591582e-01
6.645718884101896595e-01
6.400087630615076684e-01
6.153734656097615829e-01
5.906665776202978391e-01
5.658884898510050387e-01
5.410392707619642305e-01
5.161184868524897329e-01
4.911249622046665042e-01
4.660564630834252431e-01
4.409092925041142030e-01
4.156777792211857614e-01
3.903536453317201782e-01
3.649252356553279175e-01
3.393765879260328688e-01
3.136863125333805846e-01
2.878262285781219565e-01
2.617596614459495874e-01
2.354392324781348356e-01
2.088038358781008630e-01
1.817742426164914160e-01
1.542462478966920569e-01
1.260790889957272010e-01
9.707374187828210488e-02
6.692572675004285210e-02
3.509252325111510834e-02
2.073764693355721134e-12
