7.702240153382376059e-22
2.150850015217221304e-03
8.603400076755326684e-03
1.935765017337503016e-02
3.441360030989917135e-02
5.377125051037066894e-02
7.743060069745047458e-02
1.053916509485086361e-01
1.376544012385639282e-01
1.742188515675285321e-01
2.150850019356493892e-01
2.602528523412716011e-01
3.097224027866861684e-01
3.634936532678282317e-01
4.215666037895878793e-01
4.839412543489108876e-01
5.506176049458919586e-01
6.215956555935027161e-01
6.968754062709061614e-01
7.764568569877390303e-01
8.603400077383216438e-01
9.485248585333869720e-01
1.041011409366630502e+00
1.137799660235072619e+00
1.238889611144949443e+00
1.344281262094759732e+00
1.453974613082959833e+00
1.567969664108716188e+00
1.686266415174185074e+00
1.808864866276183925e+00
1.935765017418701106e+00
2.066966868597220675e+00
2.202470419816332736e+00
2.342275671072556964e+00
2.486382622367292239e+00
2.634791273703304348e+00
2.787501625078026457e+00
2.944513676492622078e+00
3.105827427947658759e+00
3.271442879412927773e+00
3.441360030953495297e+00
3.615578882533132532e+00
3.794099434143102023e+00
3.976921685784933658e+00
4.164045637461893712e+00
4.355471289176361616e+00
4.551198640919391636e+00
4.751227692694002691e+00
4.955558444174944732e+00
5.164190896380968177e+00
5.377125048283480702e+00
5.594360900331576403e+00
5.815898452318513101e+00
6.041737704337438508e+00
6.271878656390183160e+00
6.506321308495907729e+00
6.745065660653251527e+00
6.988111712844091272e+00
7.235459465070946727e+00
7.487108917352635729e+00
7.743060069674906565e+00
8.003312922024054643e+00
8.267867474403841399e+00
8.536723726816317637e+00
8.809881679248748654e+00
9.087341331760455887e+00
9.369102684313592277e+00
9.655165736896815787e+00
9.945530489475940428e+00
1.024019694216391407e+01
1.053916509484846031e+01
1.084243494753043535e+01
1.115000650034805219e+01
1.146187975315450203e+01
1.177805470600143778e+01
1.209853135885947673e+01
1.242330971178540722e+01
1.275238976475834285e+01
1.308577151776092506e+01
1.342345497080266448e+01
1.376544012388190197e+01
1.411172697700105871e+01
1.446231553015899252e+01
1.481720578335457894e+01
1.517639773658875058e+01
1.553989138986050556e+01
1.590768674317136266e+01
1.627978379652068597e+01
1.665618254990880942e+01
1.703688300330220429e+01
1.742188515676821936e+01
1.781118901027219792e+01
1.820479456381534789e+01
1.860270181739654660e+01
1.900491077101585802e+01
1.941142142467471743e+01
1.982223377837171086e+01
2.023734783210704435e+01
2.065676358588149952e+01
2.108048103969437292e+01
2.150850019354555442e+01
2.194082104743570483e+01
2.237744360136418109e+01
2.281836785533135625e+01
2.326359380933727294e+01
2.371312146338026139e+01
2.416695081746459550e+01
2.462508187158595874e+01
2.508751462574705826e+01
2.555424907994448702e+01
2.602528523418132878e+01
2.650062308845667047e+01
2.698026264277003605e+01
2.746420389712213961e+01
2.795244685151287101e+01
2.844499150594014480e+01
2.894183786040703410e+01
2.944298591498638018e+01
2.994843566953385050e+01
3.045818712411983853e+01
3.097224027874397478e+01
3.149059513340792549e+01
3.201325168811140998e+01
3.254020994285340862e+01
3.307146989763422340e+01
3.360703155245376195e+01
3.414689490731198873e+01
3.469105996220746135e+01
3.523952671714494755e+01
3.579229517211933143e+01
3.634936532713314250e+01
3.691073718218531496e+01
3.747641073727622540e+01
3.804638599240622199e+01
3.862066294757450891e+01
3.919924160278179670e+01
3.978212195802711904e+01
4.036930401331260754e+01
4.096078776863650006e+01
4.155657322399926556e+01
4.215666037923435283e+01
4.276104923466836993e+01
4.336973979014107528e+01
4.398273204565180805e+01
4.460002600120350280e+01
4.522162165678865620e+01
4.584751901241663319e+01
4.647771806803808659e+01
4.711221882378069381e+01
4.775102127953176279e+01
4.839412543553790158e+01
4.904153129136209088e+01
4.969323884722570028e+01
5.034924810312816135e+01
5.100955905906853616e+01
5.167417171504907714e+01
5.234308607106589051e+01
5.301630212712232293e+01
5.369381988321667620e+01
5.437563933935014404e+01
5.506176049552136220e+01
5.575218335173046569e+01
5.644690790798274804e+01
5.714593416427403838e+01
5.784926212059897210e+01
5.855689177696181957e+01
5.926882313336550112e+01
5.998505618980525611e+01
6.070559094628566044e+01
6.143042740280396430e+01
6.215956555935829897e+01
6.289300541594969474e+01
6.363074697258077350e+01
6.437279022925218896e+01
6.511913518596487904e+01
6.586978184271552550e+01
6.662473019950313358e+01
6.738398025632713484e+01
6.814753201318767140e+01
6.891538547008569537e+01
6.968754062702174679e+01
7.046399748400348528e+01
7.124475604102477178e+01
7.202981629807737818e+01
7.281917825516718779e+01
7.361284191230470242e+01
7.441080726945681079e+01
7.521307432666529280e+01
7.601964308410931892e+01
7.683051354136782152e+01
7.764568569855680380e+01
7.846515955615647897e+01
7.928893511319444087e+01
8.011701237090596806e+01
8.094939132812021398e+01
8.178607198589341465e+01
8.262705434342433364e+01
8.347233840112886583e+01
8.432192415850559541e+01
8.517581161624357833e+01
8.603400077397435552e+01
