2.608715209308141603e+00
1.213856634449091976e+00
3.566993417087666707e+00
5.953277229183153718e-01
1.938406896888630548e+00
3.384980419443666566e+00
2.778145061203108668e+00
2.937484186030896005e+00
1.753493895975681394e+00
2.862427663394030652e+00
1.094302426665340500e+00
3.252180306805856902e-01
1.625247027070300110e+00
2.070448170818459221e+00
6.266534279207552904e-01
2.684391100316047662e+00
1.884442882182485901e+00
2.897505531882017316e+00
3.656379084350044106e+00
7.366930893544125780e-01
2.944354271330707373e+00
8.852659122188076823e-01
5.417377161460058543e-01
4.227571662395189778e-01
5.112884937716951628e-01
3.559022658811272333e+00
3.042249627633198283e+00
2.169384751272476208e+00
1.836950852427375214e+00
2.109042622378468845e+00
1.658782713857546387e+00
3.192260031678186838e+00
1.941852945057515489e+00
9.975078020774728049e-01
3.025556625984030745e+00
2.161748557502001677e+00
3.818301177054955087e+00
7.291263272998876888e-01
1.536470622206951075e+00
3.123363999367083199e+00
3.259443023968356723e+00
2.347693199933364561e+00
2.134063782608304649e+00
2.349673689076157146e+00
2.646615349939108075e+00
2.489545673048150221e+00
1.859351821234876967e+00
2.185047256286984929e+00
1.365778299669182294e+00
3.595866589905726052e+00
2.040316377834381800e+00
1.626152843583470675e+00
1.385676242398498292e+00
1.863638415896099243e+00
1.562643374841997668e+00
3.348135397989869588e+00
2.155197704641493406e+00
3.227027847005355277e+00
8.789961992620338727e-01
1.521421137150948066e+00
2.038695260752659610e+00
2.148159982376367960e+00
2.079644373971287763e+00
3.705462602818033524e+00
3.614389669754298318e+00
3.346558440922302147e+00
2.926298986053239126e+00
2.008690453458675140e+00
2.478807081516447131e+00
3.070927594551727147e+00
2.507756797613678756e+00
1.958889578185758040e+00
1.271417273914984936e+00
3.469873343850413239e+00
3.176492868425689675e+00
9.360215196802541548e-01
3.003839476845322487e+00
2.029036010682873314e+00
3.174617663768584119e+00
2.247366169307547512e+00
3.594706062499474442e+00
1.857016493824911851e+00
2.677550387283403666e+00
1.028554624878459833e+00
3.034166973922146626e-01
1.086995963188418068e+00
2.641136173385273178e+00
2.375360020255259830e+00
1.132365571943976912e+00
9.843544506827377472e-01
3.232065093157775681e+00
5.861036155947282333e-01
9.598329509022168748e-01
3.687914400909845902e+00
2.199090750411925921e+00
1.962221552869277241e+00
3.325211644537549471e+00
2.216528514594124477e+00
1.472109046219791662e+00
2.816639276881559351e+00
2.553410870934923693e+00
3.833327227338663601e+00
1.339512250681320182e+00
3.783715816250178055e+00
3.157165018698934400e+00
1.141767367913396614e+00
3.018747414473843982e+00
1.390073801016032951e+00
1.398476342338294653e+00
2.927170190626243507e+00
2.360868932949113930e-01
2.757734344697664763e+00
3.290078619265646154e+00
3.124874013248279514e+00
9.033214828929577722e-01
3.748486004507642022e+00
2.751898149211794209e+00
2.270952902018971820e+00
1.183628829513771352e+00
2.114479302712343856e+00
2.664107168138256210e+00
3.314809807122137908e+00
3.701740382295918508e+00
2.979690677639062812e+00
2.261556015670052933e+00
3.747674783499288953e+00
2.322589078297416787e+00
2.107344024906951052e+00
3.990526043980801685e+00
7.747722607708481535e-01
1.305480536425928983e+00
3.120201280458878568e-01
2.232597452013317163e+00
1.597470363416876316e+00
2.801435355747332601e+00
3.026102923942630252e+00
1.898891985805519544e+00
3.794438067223532052e+00
2.890767598005212324e+00
2.722335254427561413e+00
4.892709255815261282e-01
2.866190057267903768e+00
2.106756921854616937e+00
3.361644974918308826e+00
9.497876405258138810e-01
1.016469604359973467e+00
1.300387333739115192e+00
3.654000837461439222e+00
2.584883211102292577e+00
2.546791058047112699e+00
2.152412189499703921e+00
3.684093904438001221e+00
1.056023610169447791e+00
3.344180644775986089e+00
1.863086793419682641e+00
3.463925779789314596e+00
1.305296760491804431e+00
2.141293693662370767e+00
1.913676746711230336e+00
2.118925740683121450e+00
9.922876517888091774e-01
1.490254703379612300e+00
2.304000657385351758e+00
2.362931284438575918e+00
1.920589819676689736e+00
1.963974173832490733e+00
2.664008217828997882e+00
3.448194936984781300e+00
2.557609070463914946e+00
1.457710138395353461e+00
3.171815406495257950e+00
5.751758298182437779e-01
2.821491437757826404e+00
1.507778611687235593e+00
1.330481732354464652e+00
1.085065142881214806e+00
8.367041787801980934e-01
3.216489606520747557e+00
1.088380376449122222e+00
1.687105226976615580e+00
1.098727692971997794e+00
1.435325605193530807e+00
2.156416888559623324e+00
3.381299192854151592e+00
4.437613304887956245e-01
3.700819416531045403e-01
1.664745213293611803e+00
3.669051421276193103e+00
1.447595657945204728e+00
1.503332111902166757e+00
3.791566729267848768e+00
1.077690021759088790e+00
3.118623095282673230e+00
2.437165187901495944e+00
2.667964840972170126e+00
2.380284541288560707e+00
2.199868546995101148e+00
1.339346717079438864e+00
2.887256560395127014e+00
2.366428392997115271e+00
3.240861726341204285e+00
3.106259688791667362e+00
3.137983463832606290e+00
2.242052042447882254e+00
3.058335121055330674e+00
3.384253313430269028e+00
1.733994827282464568e+00
1.487825518543786751e+00
2.468250803384329506e-01
1.055778585158145599e+00
4.089768633737920767e-01
3.655630968464392616e+00
2.682450540941186734e+00
3.452055034193653782e+00
1.987764114228689261e+00
2.423472464268558113e+00
1.739616417092866962e+00
2.288429430962839017e+00
6.271644972153821440e-01
2.551585132490373109e+00
3.214349327368022813e+00
2.570140893423188189e+00
7.679101511371539956e-01
3.118404937676435562e+00
3.552636821748050622e+00
3.214131630909639270e+00
2.541058871611572290e+00
2.934423889397386631e+00
2.683726377637135396e+00
2.187005585352910675e+00
5.518040009596223427e-01
2.489622399897472249e+00
1.101044628690807547e+00
3.010226948520868806e+00
7.286260352054484413e-01
3.303753979802341867e+00
3.888866499071084615e+00
2.387040502597202796e+00
3.357130742654861777e+00
1.922203159246931747e+00
2.785476858526339416e+00
3.072843287268516299e+00
2.205972400662974842e+00
3.552548782277070494e+00
2.186241768042440636e+00
1.662186938444090156e+00
2.574134994458897374e+00
2.039006761604947648e+00
1.298295405019381343e+00
1.019250551398078963e+00
7.391538899158917042e-01
1.706932245469434450e+00
1.930324164319277669e+00
2.872506166951511730e+00
2.780412986244988449e+00
1.089649979581410300e+00
3.447404292286775362e+00
1.470540196278027123e+00
3.076448307482392952e+00
2.131941954415017104e+00
1.866549530810494462e+00
3.711384025295981992e+00
2.539100552565694890e+00
1.237779500398686006e+00
2.674205065901958278e+00
8.900478372696366547e-01
1.244994255986083376e+00
3.558896617367165671e+00
3.641983560795043040e+00
2.572620683331686919e+00
1.347017754353069252e+00
1.792222627942418267e+00
1.511969551573564718e+00
2.605511595002081737e+00
2.871453918669597538e+00
2.310053925497292493e+00
3.282518727312459639e+00
1.631171350065363734e+00
3.336771418473863715e+00
3.071812152500374538e+00
1.879514265905241288e+00
1.674108793335140399e+00
1.726925457424041355e+00
2.415825911106700197e+00
5.927107843921846086e-01
2.867379849206643350e+00
7.135257774247204532e-01
2.174692385918972182e+00
2.285841857161427182e+00
2.952598167681710795e+00
7.019883053420251651e-01
3.155165248123611210e+00
2.147188118239031329e+00
1.866037852820216392e+00
2.644231720382855588e+00
3.737343391821193350e+00
2.886307280833741107e+00
1.466532672773106061e+00
9.958395755789487547e-01
2.882090912922287806e+00
1.764038661636602390e+00
9.340114713879654751e-01
1.819818169926895379e+00
1.635374883251349942e+00
1.340660638274937755e+00
2.689778665130018176e+00
1.640468445399861919e+00
1.421528015708863002e+00
2.606605562291644862e+00
1.256528783968908491e-01
3.424010330372599942e+00
2.445937406882993326e+00
1.590304194073048016e+00
1.841773231875514005e+00
3.568332105320509928e+00
3.181710583939607151e+00
3.147673542258202062e+00
2.286097084796075762e+00
2.289867739821081383e+00
3.480335041926976292e+00
2.202691972176271662e+00
2.527149265674994094e+00
2.465568304027304869e+00
1.512584460646787088e+00
2.066908639915756574e+00
1.769984129290072650e+00
2.892024827903866058e+00
8.613977074598878625e-01
2.934337167808662716e+00
1.514575797055272233e+00
6.912360217367264914e-01
4.795405260390863122e-01
1.645331568723351179e+00
3.995075712018833491e-01
9.961924901755255801e-01
4.508606677352610115e-01
1.233549284526783696e+00
2.462845734360407768e+00
1.986189902724629697e+00
1.181982334402239765e+00
3.199325139666383766e+00
2.199191979375768380e+00
2.245923902584597176e+00
8.145057372263704298e-01
2.614529281898879454e+00
3.473748010216719972e+00
3.816507547084341034e+00
1.580392644165821370e+00
2.138864239480946505e+00
2.297089850372386888e+00
1.769045418790699653e+00
9.696887070464520475e-01
2.513761520118472426e+00
2.246638815856131455e+00
1.201543528350743406e+00
3.311546997470670384e+00
8.051302329598137852e-01
3.570609881909017069e+00
1.013284991968760540e+00
3.019731164024798797e+00
2.798058870313649305e+00
7.017543553799578948e-01
1.631834369504201465e+00
3.439109280839534932e+00
3.309602021088724033e+00
3.870654158231274344e+00
3.112869738144954379e+00
9.391588936355268480e-01
2.504884031947860912e+00
1.170273411204916236e+00
2.918519496575135097e+00
7.893976703034153442e-01
3.167620725307140006e+00
1.888601183269656092e+00
3.407770940963224415e+00
2.877716156427344352e+00
2.375376006403423723e+00
1.731266829496539428e+00
3.925246368419339493e+00
1.657772531151729734e+00
1.268077089047233486e+00
2.791002018606164814e+00
1.721807326719712705e+00
8.226315412385933890e-01
1.495770526184498461e+00
1.706739428440095629e+00
7.009072276086850684e-01
2.485196510461728625e+00
3.123541684221345260e+00
8.024928069737848890e-01
2.077444681881544852e+00
3.266933938425124584e+00
1.609189742038420690e+00
2.524244257055924034e+00
3.812426483731116145e-01
2.301891679881055364e+00
1.050264024610611635e+00
3.355944051844516052e-01
1.667364685228881260e+00
3.224058231578504685e+00
1.685970242364443372e+00
2.889260072194376860e+00
3.323710638599719047e+00
1.037845551048798276e+00
2.466911656405826214e+00
2.122942466165321562e+00
3.585314930418665558e+00
3.770160717056378896e+00
2.011204699081539538e+00
2.642080627383059710e+00
3.415721486683071184e+00
2.489853276830681583e+00
1.628968871485774406e+00
2.760068625867819314e+00
1.394683549591914984e+00
3.631044485106961872e+00
3.657355055046500159e+00
3.399788897890222650e+00
1.970091999539391514e+00
1.407982590165132164e+00
1.057980999023260926e+00
2.128740406495468918e+00
2.700173581760617392e+00
3.430653265760434500e+00
4.760182160506186699e-01
6.547540561415552407e-01
9.286585148720817307e-01
1.147169938578680437e+00
3.219851752932838984e+00
2.332136720921145212e+00
1.674266389484138084e+00
3.134693384035511343e+00
3.434852255025226953e+00
3.073597938655929340e+00
2.681374209409499887e+00
1.727210448824211930e+00
3.483861007889875072e+00
3.889281686972717367e+00
1.454336629360870381e+00
3.186823780648329940e+00
1.503645677617559295e+00
1.853509084753864222e+00
3.004966883638848785e+00
2.334179687655156155e+00
2.393324781331891415e+00
3.334732661703254664e+00
1.364973652558758355e+00
3.384180581611165195e+00
1.589826783302638713e+00
2.257678672985509838e+00
1.659076621527170392e+00
1.418289748865606992e+00
6.114687938559199010e-01
3.090374447790169565e+00
3.116093314874530229e+00
3.228607842187150023e+00
3.270934327805158581e+00
3.537892345142042316e+00
2.090510682474040483e+00
9.111926150856113349e-01
1.074361316326675420e+00
2.462829219244740298e+00
1.078918696729893156e+00
1.613657792485338804e+00
1.403953664065977769e+00
7.236160089051574262e-01
2.974716438771452864e+00
2.395670350565648032e+00
3.090261015121857024e+00
3.185607412205018640e+00
2.429354230498940392e+00
3.926117326465052404e+00
2.313247665485754556e+00
2.030934548767261649e+00
1.271513514462132788e+00
2.603387758450630418e+00
4.073580555362553701e-01
1.075635421303222872e+00
2.133739671537064009e+00
9.645841429736818906e-01
3.157076337914952457e+00
3.331457028325857994e+00
2.109956010372141755e+00
2.052576524019420035e+00
2.815310121955735045e+00
2.493880699923820998e+00
2.220559192082145028e+00
7.566663094206244056e-01
3.176477012780429376e+00
1.088334949138636487e+00
1.741755945497519553e-01
1.128534916613950667e+00
2.128319287906554447e+00
2.118454826922607115e+00
1.462377311059191776e+00
2.097166324103807433e+00
3.321783620673238513e+00
2.806493767570726661e+00
3.588590268245414272e+00
3.008358808884039615e+00
2.331872322656508345e+00
5.154784926668561917e-01
1.789486219522378851e+00
3.063946191437743938e+00
2.638165993641463203e+00
1.432649679340040283e+00
2.508617922073625550e+00
1.888611683430522437e+00
2.698234402949616140e+00
3.161399756523127991e+00
3.050609781043344793e+00
2.732483882419864951e+00
1.486753070346688688e+00
2.298872909978995960e+00
2.461875170091842868e+00
1.597860025646838267e+00
3.022037301687344080e+00
2.804776645964598636e+00
3.200394971466963945e+00
9.708034457807134254e-01
2.526991288021551263e+00
1.867879598172673683e+00
1.065571878443150045e+00
2.375238945781056987e+00
8.037788325918583388e-01
1.568598940031480371e+00
2.606683509850943103e+00
1.055121731646090799e+00
3.407519886107377882e+00
3.003819114712476868e+00
3.397751660133592200e+00
6.849448077564542769e-01
2.978800020157680528e+00
1.230687690961366210e+00
2.934221583211148232e+00
2.917572133048488059e+00
2.825408742473882295e+00
1.170017109641350750e+00
2.593864580819283727e+00
7.607907131035892556e-01
6.985145719147698440e-01
2.109664895017269448e-01
1.844051138252701172e+00
2.927746615789347029e+00
1.630184661734321416e+00
2.324575319113171723e+00
5.005201995894527078e-01
3.301889472404444525e+00
2.876078971043743326e+00
1.386934917601329254e+00
3.324617010073048107e+00
2.663262703986076563e+00
7.045628239681258620e-01
1.599256069743930420e+00
2.060794705177705133e+00
1.106855034246202685e+00
3.779058386658454283e-01
1.316875702580659668e+00
2.649974536562374805e+00
1.991522004425605452e+00
2.032790528465840740e+00
3.813443055910894941e+00
3.106755236160707589e-01
1.427203429787010869e+00
3.663026882867908007e-01
1.540141076297441014e+00
3.718356614244394009e+00
2.122588624079219333e+00
3.806144031727373811e+00
2.259252767940963746e+00
2.280084041026553709e+00
3.472410715705655182e+00
2.137732568827911628e+00
2.404036950399285999e+00
3.557333323461081331e+00
5.284918970855075893e-01
2.462712291001492027e+00
2.006020648175580678e+00
2.117335620015103004e+00
3.264394508127465677e+00
1.139662535132558441e+00
6.233027092448907291e-01
2.136322593050810514e+00
1.263447006154085228e+00
3.848529064477799189e+00
2.865918329928897279e+00
3.835953935438326745e+00
2.759340727005016536e+00
3.068625539384670087e-01
1.394308779152104272e+00
3.089425868006292930e+00
2.587624730113656124e+00
2.134818362772030298e+00
2.459461415686250430e+00
1.199396140747484241e+00
1.924196857523265081e+00
3.673370089551659223e+00
2.728970789175215739e+00
9.039320445937331083e-01
2.828616480121830090e+00
1.841434099576213512e+00
2.861839805944135673e+00
2.749356369728613192e+00
7.839583230395624769e-01
3.427576520961390205e+00
3.083297675681091032e+00
3.727796404400234298e+00
3.052850755959283013e+00
3.531669787104308345e+00
2.952768074090643680e+00
1.681649732198028380e+00
3.228210476141484708e+00
4.990392029714439959e-01
2.820506839344110617e+00
2.366175389822577024e+00
1.118950559902635700e+00
2.830176260431772839e+00
3.050107014427012153e+00
2.204813193920999392e+00
3.658751906870654658e+00
8.081462586839337492e-01
1.614933582702021697e+00
3.158964391257433668e+00
1.949870361752483516e+00
2.006818162867194832e+00
1.300299310658971530e+00
2.984938179004429148e+00
3.958181520132013631e+00
8.900013845911821653e-01
2.765372637450041360e+00
2.993641890935623273e+00
3.801127495202073270e+00
1.544783739266180289e+00
2.664103390711945796e+00
3.744295749303838683e+00
1.406406910644297570e+00
3.163901559441046896e+00
3.527147223603131376e+00
1.390493850670397435e+00
3.135897777013582743e+00
2.077707863929298071e+00
2.107379923364498087e+00
1.420606829843531260e+00
2.191409714030518430e+00
1.542246163651028290e+00
2.551796755360864033e+00
1.427653459199549779e+00
1.180278835432247986e+00
2.101214206191368117e+00
3.533618243702937534e+00
1.711906276457885845e+00
1.950722002946150946e+00
3.345715701781206697e+00
8.427474310327940366e-01
2.123107398484185282e+00
9.278187787302758505e-01
3.242323386701538634e+00
9.486837060412013356e-01
2.493698747636260982e-01
1.279031157447394484e+00
2.644044201849262699e+00
1.679523560837762108e+00
2.738549941852761904e+00
2.228514352625996509e+00
3.163367277773149411e+00
1.192894548221315798e+00
3.813900936967341782e+00
3.582728450114580632e+00
1.303822277852943134e+00
9.462875976021788427e-01
1.388824789979507202e+00
2.267127025616199720e+00
1.034892372952799011e+00
3.414145314927214070e+00
2.456136707335811131e+00
1.046824529781205104e+00
9.974970116417674060e-01
9.941953679108945785e-01
1.979967092646160332e+00
2.168235582323280397e+00
1.196366278593099963e+00
2.094225142372072135e+00
3.749356511087127419e+00
1.277476980411583529e+00
1.877586930161335488e+00
2.560101459042058991e+00
1.463019352076649460e+00
1.374635993422459457e+00
1.343828002854467796e+00
3.654107183093690203e+00
3.240502239825219455e+00
2.335805770819861404e+00
3.063128072776866606e+00
3.126418084249582563e-01
3.246519795555078858e+00
2.850845621596608925e+00
5.415723423546180415e-01
3.273515934218335310e+00
2.127237608708227423e+00
1.849837037021587527e+00
2.563848944056183576e+00
1.677645476703447214e+00
7.978160276866568257e-01
2.373111131266058660e+00
2.406976578712124670e+00
1.329323673211619150e+00
1.631755378434623038e+00
1.722916418599517829e+00
9.359890122418541569e-01
1.537209289529860579e-01
1.321330016987063871e+00
9.127370474098489561e-01
1.368062699071945332e+00
3.664630334852894578e+00
9.303817792917136176e-01
1.549913672956124699e+00
2.356008066210092622e+00
1.541530519646576058e+00
3.276677571806920319e+00
2.807426092514881510e+00
2.731232118660962271e+00
2.017098427261429627e+00
6.399853530863627293e-01
2.886184988551266706e+00
3.092465429711983571e+00
3.017470637718937976e+00
1.963601753553299911e+00
2.855008700931576993e+00
3.733660771352655949e+00
1.496737026617941169e+00
1.587539490030599021e+00
3.654640004421245703e+00
1.931269059541455446e+00
2.699472755959149595e+00
2.646480915724090277e+00
1.901647035593987400e+00
2.712633915869981927e+00
4.995073352613086382e-01
1.693918557655418988e+00
2.680884090541071796e+00
8.289562961758736304e-01
2.350385150338618612e+00
2.958663650331790684e+00
8.157282537935119926e-01
2.763943290127881980e+00
2.162119283433596273e+00
2.196190000856378166e+00
3.988494908696298413e-01
1.769822533479897819e+00
2.277543181275441864e+00
2.296439051548205157e+00
2.132790681568798252e+00
1.522401333973597115e+00
2.747197549463256561e+00
8.255474905232182969e-01
1.307658610686718514e+00
3.443070076126327095e+00
2.289791408287325858e+00
2.775423464508314897e+00
3.194643180515056358e+00
2.594372374579336338e+00
1.939131413961325379e+00
2.444830141205539320e+00
2.173081790204708597e+00
3.254092357016283632e+00
2.776539516568265142e+00
4.906150095040031633e-01
2.347150779232242357e+00
3.781801036417386630e+00
2.517037892092165219e+00
2.870092493319424065e+00
2.335106761993427593e+00
1.360816320214481845e+00
1.665189877314882771e+00
1.297761539029631317e+00
2.583346865948963789e+00
1.135647192403696160e+00
3.388527812662890604e+00
2.329321406594212274e+00
3.535392461207734094e+00
1.389364950268458410e+00
2.644336027617770313e+00
1.917948122864912452e+00
1.735151639278485147e+00
2.683083249656846636e+00
2.654969444866154937e+00
2.551105706997812916e+00
3.184585363763284604e+00
1.873650872347900620e+00
4.088832536206580825e-01
1.002570731448920061e+00
3.520902894473687539e+00
9.395881499539906478e-01
1.000303693764967194e+00
2.136455079375256805e+00
2.521653448642565021e+00
1.338621468274210358e+00
1.367377250893483165e+00
1.242978321982561640e+00
3.677945997902640318e+00
3.707271816124464436e+00
2.370929257540157931e+00
1.787596497708183296e+00
2.638438068729690222e+00
2.318807478951364409e+00
5.770785773487611126e-01
2.962680990778130408e+00
1.942887833434625344e+00
2.560429365091450471e+00
2.434552279827906229e+00
2.560086934458088770e+00
3.560733053512101787e+00
1.534843205475175276e+00
1.170359531955565524e+00
1.763710234837196689e+00
2.269672476449261289e+00
1.622615282249593616e+00
1.972792615779170866e+00
2.916814245477285628e+00
2.775065881015057023e+00
2.041689255041955420e+00
3.602491326316440201e+00
2.364860078314717118e+00
2.721590392194807695e+00
2.416906843988337883e+00
2.437865745262574269e+00
3.076135135963808054e+00
3.347482450106785135e-01
7.573301226745133841e-01
3.567133812502467194e+00
2.896412942693612269e+00
3.319146145576857609e+00
2.146446625169973199e+00
2.884322589456428609e+00
3.425464733079665258e+00
1.974590484788075750e+00
2.634540523136992718e+00
2.558997859115045070e+00
3.170894214399701649e+00
3.013585229827480561e+00
2.783904599903070487e+00
2.652424209102104413e+00
2.934562328979455348e+00
3.082828866326629225e+00
2.507722358250479733e+00
3.761151648792169677e+00
1.714403037879884462e+00
2.432169867062285162e-01
1.947600061740903721e+00
3.509221513588691277e+00
3.547403197839638089e+00
2.721833174349508888e-01
3.819869842352169975e+00
1.539814347662902705e+00
2.035297644424173047e+00
1.502284361215506125e+00
2.952067414266988266e+00
2.873325629862729436e+00
3.393974466410679902e+00
2.638123231003099534e+00
1.579852442121404854e+00
1.823289611797026533e+00
2.991700232446725671e+00
3.682238202682130535e+00
1.046431860200038866e+00
3.675091043797003909e+00
2.724894974347437326e+00
3.015672435093436743e+00
2.224989807017573540e+00
1.251867431615593551e+00
3.582727554576869089e+00
2.470147816578958544e+00
8.530137588535758875e-01
3.430583369172569341e+00
2.911764668399785094e+00
1.118962874919123385e+00
1.999792922023031272e+00
1.658401425072643987e+00
2.456646513229190809e+00
3.154284453677326017e+00
1.133612660451893905e+00
1.300979490651567927e+00
9.398746505287425279e-01
1.207971706493718766e+00
2.828003282367647753e+00
5.569557667068135709e-01
3.554229009503868220e+00
3.559184109220401293e+00
2.806183614923766445e+00
1.835128234772758882e+00
2.449489240474354013e+00
2.968136267687849550e+00
9.301215075606847904e-01
1.072409920123878369e+00
2.023906703936412033e+00
3.563810469316163854e+00
2.506051203069630695e+00
2.960255472352036676e+00
1.772708014113148378e+00
1.866237141283454637e+00
3.176197952845078554e+00
1.140904269078538036e+00
2.590687535993245305e+00
2.682277356232396937e+00
2.713699673417329983e+00
1.844471386364193721e+00
3.125262330586684012e+00
3.344458646694416504e-01
3.112612987317364688e+00
8.896331433114937903e-01
1.823346688997046883e+00
1.858899050257691643e+00
2.531935553923780002e+00
8.066594141168703658e-01
1.444376402309393681e+00
3.557755027241430668e+00
2.576128952370367209e+00
2.668183170544544680e+00
2.937255787500611781e+00
2.851731348317498416e+00
2.785572944286346608e+00
1.495159661620802938e+00
2.389594568180886114e+00
3.328012220456590953e+00
2.599784034624234241e+00
3.399984803721581184e+00
1.652016671812368553e-01
1.479924275853572668e+00
1.918100587081735364e+00
1.984630239084719472e+00
1.075737791882824812e+00
2.648504881564256230e+00
4.793978264488665819e-01
1.699644663632198460e+00
6.666856523857097594e-01
2.414318219288323242e+00
3.364862403993934770e+00
2.242253336227079341e+00
6.386644051780256959e-01
3.017874469687177985e+00
1.726616456009284484e+00
2.754097854369573106e+00
2.609809782901239217e+00
3.277741394438284050e+00
2.586998409837280022e+00
2.558406319781272309e+00
3.652349304933140139e+00
1.968866167224539998e+00
1.529036423168525394e+00
1.871145388713580937e+00
4.642670553218883889e-01
2.827490571906897454e+00
3.511164462144217513e+00
9.711823205615849330e-01
2.620240298408522683e+00
1.973045277826456889e+00
3.465383671685715150e+00
2.455091453043236172e+00
1.906538458433578720e+00
2.523102578486026371e+00
3.064898496856494070e+00
3.092480801758305642e+00
2.476042302410704554e+00
2.960582620241681617e+00
2.835179460121352246e+00
2.205996314185491858e-01
2.479599385947360179e+00
3.167699114517565917e+00
1.989098836786829194e+00
1.308061527255996115e+00
3.797732312894146034e+00
1.435782287699251647e+00
4.484813209691048130e-01
3.547414429604256902e+00
2.991023528690289979e+00
1.042691805377572223e+00
2.230538133572794290e+00
1.450548760375351964e+00
2.117577322049601918e+00
1.675055007280628283e+00
1.173122515105141650e+00
3.911495599188528516e+00
8.567876468956803215e-01
3.049082067842631805e+00
2.358991165950160784e+00
9.568765575602138362e-01
3.188831571919447772e+00
3.570079730458342038e-01
3.145701590025890226e+00
1.643902760375232308e+00
2.514241934807776246e+00
1.442286722795153242e+00
2.281462681508931389e+00
2.767631458646767406e+00
2.073652666876654838e+00
1.741993543603663763e+00
2.623912622953172402e+00
1.468147834237887750e+00
2.791091793499715923e+00
1.848411398889910462e+00
