2.213985120042528737e-17
8.869496441004801404e-03
3.532034613612450996e-02
7.888062090186086228e-02
1.387671451835715553e-01
2.138907944825242657e-01
3.028643937507218276e-01
4.040136907195858718e-01
5.153920043378280580e-01
6.347992614648014786e-01
7.598062280302543270e-01
8.877848033451387622e-01
1.015945263911777863e+00
1.141381297974180642e+00
1.261123542484168025e+00
1.372202095529483357e+00
1.471718103618558926e+00
1.556923990192277341e+00
1.625311181102291780e+00
1.676925451391365396e+00
1.726067813313542088e+00
1.774145721677629517e+00
1.819283827156776168e+00
1.859536144357812892e+00
1.892888315789172493e+00
1.917278064481074740e+00
1.930634398689166975e+00
1.930936280573923636e+00
1.916291117621890194e+00
1.887705722405789377e+00
1.853625566015478121e+00
1.814045385736946736e+00
1.768148018956613887e+00
1.715174974262305252e+00
1.654438685358236683e+00
1.585340372586585556e+00
1.507394291790737917e+00
1.420259430480074636e+00
1.323780027516498148e+00
1.218036660862219511e+00
1.103410086453497696e+00
9.806605409348148061e-01
8.510258673305822752e-01
7.163426171628082262e-01
5.791952644203930411e-01
4.430998859700600034e-01
3.127301829798740940e-01
1.941956201394009207e-01
9.538384899783654280e-02
2.638259477507591891e-02
2.214986612247054840e-17
2.858022865890655698e-02
1.119435450044343611e-01
2.469422802044148324e-01
4.309646566962604397e-01
6.619146444737248336e-01
9.382005936065810348e-01
1.258732916799551793e+00
1.622931415929973031e+00
2.030743214154441478e+00
2.482672694520476675e+00
2.979825387947730331e+00
3.523968438901303735e+00
4.117611161121532248e+00
4.764110354300587602e+00
5.467806591166671559e+00
6.234199752093868341e+00
7.070174893905840641e+00
7.984293398100624550e+00
8.987169699781413001e+00
1.009196141497196919e+01
1.131501135154215554e+01
1.267098616550039658e+01
1.411517069845880634e+01
1.563928101659590908e+01
1.725550258032314588e+01
1.898146338885945283e+01
2.084156861980777720e+01
2.286884876946519185e+01
2.510758151691755202e+01
2.761708501300172003e+01
3.047730716504013770e+01
3.373022340037545064e+01
3.711297359319083000e+01
4.056423023078287571e+01
4.406293395634651944e+01
4.758811081669633580e+01
5.111902392930499417e+01
5.463527863605159496e+01
5.811688782495189542e+01
6.154430446994744841e+01
6.489842819917160455e+01
6.816059257364706525e+01
7.131253900062773710e+01
7.433638286613236801e+01
7.721457680778556210e+01
7.992987562567925863e+01
8.246530689574174744e+01
8.480415107258208707e+01
8.692993461850045378e+01
8.882643960902457536e+01
9.047773319490271149e+01
9.186822029967677850e+01
9.298272301645046412e+01
9.380659014404091067e+01
9.432584036679055828e+01
9.452734244892693027e+01
9.439903561312803504e+01
9.393019279052738568e+01
9.311172870911420318e+01
9.193655359148293371e+01
9.039997158628126783e+01
8.850012076718824972e+01
8.623844848392013773e+01
8.362021202993715008e+01
8.065498983687906787e+01
7.735718281999332646e+01
7.374647924181336123e+01
6.984824964537673964e+01
6.578100087535260343e+01
6.213844127450284560e+01
5.890083334993781961e+01
5.594673653199604502e+01
5.318132765203164070e+01
5.052960198530080049e+01
4.793195161186546471e+01
4.534134868872053659e+01
4.272163411430906876e+01
4.004657356010032743e+01
3.735233166048389819e+01
3.480696896179649968e+01
3.239420693508513693e+01
3.008614363505416378e+01
2.786017458192375784e+01
2.569818428561042722e+01
2.358598227787532053e+01
2.151293581863789228e+01
1.947176716630591287e+01
1.745849504433244093e+01
1.547250908909445677e+01
1.351677355905242450e+01
1.159816312571199681e+01
9.727939676221060594e+00
7.922385169478726397e+00
6.203612088336476482e+00
4.600580297541079666e+00
3.150357552173464804e+00
1.899670962242058003e+00
9.068089533199596985e-01
2.439483492722012981e-01
2.222863692632982173e-17
2.505412509236398244e-01
9.564880413396997794e-01
2.057910942436883328e+00
3.505060973322542406e+00
5.257024573050726346e+00
7.280628075895359430e+00
9.549556068387982322e+00
1.204365632201525216e+01
1.474841114536809883e+01
1.765456138324945101e+01
2.075787527034692204e+01
2.405906027848622486e+01
2.756382235823075533e+01
3.128308400616944240e+01
3.523338093316237263e+01
3.943746748580557693e+01
4.392517434085679184e+01
4.873457977248516215e+01
5.391357987710776456e+01
5.952197650861815248e+01
6.563424854351659121e+01
7.231065870531321593e+01
7.927433736391490982e+01
8.646728854244418017e+01
9.394662515916797929e+01
1.017953272042719419e+02
1.101274250784342996e+02
1.190954313626866536e+02
1.289011407443209123e+02
1.398114928784353879e+02
1.521821460185281012e+02
1.661629863047334652e+02
1.804146280535525477e+02
1.946347192024936987e+02
2.087271854194640639e+02
2.226011738553172563e+02
2.361713763821580301e+02
2.493581208859352216e+02
2.620872806617982178e+02
2.742900483187522696e+02
2.859026155245829273e+02
2.968657944984960864e+02
3.071246115427957193e+02
3.166278978665958448e+02
3.253278984078417579e+02
3.331799155858408312e+02
3.401420018423906413e+02
3.461747124802904523e+02
3.512409285612721987e+02
3.553057584392112744e+02
