8.999999999994727773e+00
8.932458201199382941e+00
8.864834375548463541e+00
8.797130915289676167e+00
8.729350261321144444e+00
8.661494903787808397e+00
8.593567382680770805e+00
8.525570288433570454e+00
8.457506262523908802e+00
8.389377998067772069e+00
8.321188240423390781e+00
8.252939787795273929e+00
8.184635491813526897e+00
8.116278258147577418e+00
8.047871047094892205e+00
7.979416874175366381e+00
7.910918810721574879e+00
7.842379984470151832e+00
7.773803580141582792e+00
7.705192840022212053e+00
7.636551064553672497e+00
7.567881612899642896e+00
7.499187903501660202e+00
7.430473414661411091e+00
7.361741685094012055e+00
7.292996314477345976e+00
7.224240963987755393e+00
7.155479356846545791e+00
7.086715278848459754e+00
7.017952578876916370e+00
6.949195169415352424e+00
6.880447027047076780e+00
6.811712192945981847e+00
6.742994773348476301e+00
6.674298940023977167e+00
6.605628930725185199e+00
6.536989049626075854e+00
6.468383667745331245e+00
6.399817223353440276e+00
6.331294222363375468e+00
6.262819238708650538e+00
6.194396914693951928e+00
6.126031961331579012e+00
6.057729158660142055e+00
5.989493356049132800e+00
5.921329472441181352e+00
5.853242496634807779e+00
5.785237487491090569e+00
5.717319574136125127e+00
5.649493956132756622e+00
5.581765903624268610e+00
5.514140757452612895e+00
5.446623929226184657e+00
5.379220901392746335e+00
5.311937227245931759e+00
5.244778530912634018e+00
5.177750507293818139e+00
5.110858921973694180e+00
5.044109611103149149e+00
4.977508481209741653e+00
4.911061509003958214e+00
4.844963412441605222e+00
4.780587512734482125e+00
4.718109938318712615e+00
4.657418825631032711e+00
4.598409878400800288e+00
4.540985733785590561e+00
4.485055390648746254e+00
4.430533693059846456e+00
4.377340862958045697e+00
4.325402076615052493e+00
4.274647080287254930e+00
4.225009840874298206e+00
4.176428227997081244e+00
4.128843724247008851e+00
4.082201160820995156e+00
4.036448475949661940e+00
3.991536493951126197e+00
3.947418722863030194e+00
3.904051168916740533e+00
3.861392166250972480e+00
3.819402220439925610e+00
3.778043864604032631e+00
3.737281526918560193e+00
3.697081408552135962e+00
3.657411371063659100e+00
3.618240832487067404e+00
3.579540671317587908e+00
3.541283137754287935e+00
3.503441771578246211e+00
3.465991326133650130e+00
3.428907697900913210e+00
3.392167861222325165e+00
3.355749807769524473e+00
3.319632490383328971e+00
3.283795770949888837e+00
3.248220372007661005e+00
3.212887831806690464e+00
3.177780462568001951e+00
3.142881311710271852e+00
3.108174125834952672e+00
3.073643317277228171e+00
3.039273933047349718e+00
3.005051626002424925e+00
2.970962628102405301e+00
2.936993725616813933e+00
2.903132236160248070e+00
2.869365987445282151e+00
2.835683297650994472e+00
2.802072957314554635e+00
2.768524212661822137e+00
2.735026750297025799e+00
2.701570683187378474e+00
2.668146537871914248e+00
2.634745242841541657e+00
2.601358118039471812e+00
2.567976865427067601e+00
2.534593560584496696e+00
2.501200645297084080e+00
2.467790921106005619e+00
2.434357543782403877e+00
2.400894127866079586e+00
2.367621219442932468e+00
2.334734138930286473e+00
2.302217992801811164e+00
2.270058334174955395e+00
2.238241139178766215e+00
2.206752784379686361e+00
2.175580025188455391e+00
2.144709975177232053e+00
2.114130086240907147e+00
2.083828129537390605e+00
2.053792177146714248e+00
2.024010584392403889e+00
1.994471972763444567e+00
1.965165213393671451e+00
1.936079411036059517e+00
1.907203888488921972e+00
1.878528171421512294e+00
1.850041973551415309e+00
1.821735182126321240e+00
1.793597843666343561e+00
1.765620149907150660e+00
1.737792423919187756e+00
1.710105106325090940e+00
1.682548741597271302e+00
1.655113964356509593e+00
1.627791485638269364e+00
1.600572079063660169e+00
1.573446566859713514e+00
1.546405805663799260e+00
1.519440672050891061e+00
1.492542047711018727e+00
1.465700804200970486e+00
1.438907787187191811e+00
1.412153800088927991e+00
1.385429587021156150e+00
1.358725814926483810e+00
1.332033054772067349e+00
1.305341761673190160e+00
1.278642253787740657e+00
1.251924689805515634e+00
1.225179044832459985e+00
1.198395084441734371e+00
1.171562336630372236e+00
1.144670061380584469e+00
1.117707217477696968e+00
1.090662426180161182e+00
1.063523931269804601e+00
1.036279554927740376e+00
1.008916648782478109e+00
9.814220393550411314e-01
9.537819669767213515e-01
9.259820170704829989e-01
8.980070424578340260e-01
8.698410750641517586e-01
8.414672250327639436e-01
8.128675647936921544e-01
7.840229950370194434e-01
7.549130887669062151e-01
7.255159085932826324e-01
6.958077910764693952e-01
6.657630901114007793e-01
6.353538688762426778e-01
6.045495264342548580e-01
5.733163402529521946e-01
5.416168989758247676e-01
5.094093896264488830e-01
4.766466881807666645e-01
4.432751789328189251e-01
4.092331906749581139e-01
3.744488760191783117e-01
3.388372540167134406e-01
3.022959440318302438e-01
2.646987486854970317e-01
2.258854737009187985e-01
1.856446026385160930e-01
1.436807875972536397e-01
9.954418954791793839e-02
5.243203686973913619e-02
2.214391692477640642e-17
