2.373473383284173677e-22
8.871935077155406260e-03
3.535950708660467318e-02
7.908010226349673766e-02
1.394029277697425850e-01
2.154592259832125989e-01
3.061563040792787960e-01
4.101951198065743043e-01
5.260910957902511509e-01
6.521977753508354514e-01
7.867328802418892542e-01
9.278062855401792985e-01
1.073449390056731678e+00
1.221645331414864311e+00
1.370359473939261941e+00
1.517569584091023938e+00
1.661295102621811237e+00
1.799624925575143530e+00
1.930743119407980490e+00
2.052952022686522771e+00
2.164692233074957173e+00
2.264559052961889307e+00
2.351315078041438689e+00
2.423898769887892435e+00
2.481429058392536469e+00
2.523206264324747483e+00
2.548709893270309390e+00
2.557594089293318884e+00
2.549681701123752919e+00
2.524957962389262178e+00
2.483564699184157121e+00
2.425795774853844122e+00
2.352094233947287893e+00
2.263051441713042955e+00
2.159408602461795557e+00
2.042061540323276692e+00
1.912070548016531646e+00
1.770678036785714227e+00
1.619336629830848473e+00
1.459747952825607875e+00
1.293907370759966202e+00
1.124144239156172898e+00
9.531448393667283359e-01
7.839491529523844315e-01
6.199220933233905440e-01
4.647206227937342171e-01
3.223458418770596134e-01
1.974605893429991488e-01
9.606993271876676510e-02
2.642794399136694228e-02
1.140260143208553616e-22
2.862935540030994014e-02
1.127487404826374440e-01
2.510940676628695134e-01
4.442157253834956299e-01
6.942122883718357951e-01
1.004171324721863767e+00
1.377528825279666247e+00
1.817675305916183870e+00
2.327867993167432203e+00
2.911291584096053597e+00
3.571151960905935230e+00
4.310754851185509828e+00
5.133543556217726511e+00
6.043087164306717440e+00
7.043028577990509298e+00
8.137010270317359684e+00
9.328593133035742113e+00
1.062117552514525087e+01
1.201791226234389143e+01
1.352163002893360044e+01
1.513473613376492644e+01
1.685911981971013418e+01
1.869604787631779530e+01
2.064605824784585764e+01
2.270885637889185560e+01
2.488321916888952856e+01
2.716691078763686562e+01
2.955661350161188494e+01
3.204787539577902322e+01
3.463507572919526467e+01
3.731140781396859296e+01
4.006887881136579921e+01
4.289832564776697410e+01
4.578944626574739374e+01
4.873084553323527501e+01
5.171009525093896997e+01
5.471380777194833911e+01
5.772772275402312658e+01
6.073680651029200561e+01
6.372536329926931131e+01
6.667715774873519763e+01
6.957554741720180402e+01
7.240362430945354788e+01
7.514436396722847178e+01
7.778078057960266278e+01
8.029608639325539343e+01
8.267385356719456979e+01
8.489817650889018807e+01
8.695383265561316932e+01
8.882643961008267297e+01
9.050260656255279912e+01
9.197007792622774502e+01
9.321786720087530398e+01
9.423637916981407159e+01
9.501751865818874876e+01
9.555478423897282880e+01
9.584334544087408858e+01
9.588010220624217084e+01
9.566372554184506782e+01
9.519467850876557691e+01
9.447521689340462103e+01
9.350936908891389976e+01
9.230289489189530627e+01
9.086322307744562465e+01
8.919936777536315731e+01
8.732182383103170764e+01
8.524244154336489032e+01
8.297428146483058242e+01
8.053145039673889016e+01
7.792892039066947518e+01
7.518233354755450648e+01
7.230779673850231859e+01
6.932167200308471422e+01
6.624037014209274332e+01
6.308015660802982438e+01
5.985697968286226001e+01
5.658633068057479676e+01
5.328314412136042222e+01
4.996174251132131872e+01
4.663582601790579929e+01
4.331850290568304729e+01
4.002235344936739381e+01
3.675951969921811013e+01
3.354181735797241259e+01
3.038087475297693629e+01
2.728831547532487178e+01
2.427600881839580538e+01
2.135640358620916146e+01
1.854292583597205635e+01
1.585036529120158200e+01
1.329512886300022423e+01
1.089524520466641988e+01
8.670079085333682656e+00
6.639826719054972237e+00
4.825062268767411844e+00
3.247223046039813710e+00
1.931609721615922037e+00
9.133315131132998532e-01
2.443676736802948835e-01
1.149806640093357408e-22
2.509719079143866716e-01
9.633679364029218428e-01
2.092510156569203250e+00
3.612832696559529211e+00
5.513537265691514477e+00
7.792574412777390158e+00
1.045081810229602226e+01
1.348883660429259557e+01
1.690630012498989743e+01
2.070251793136336715e+01
2.487713786007137529e+01
2.943065825025881210e+01
3.436460537578945917e+01
3.968136532353921808e+01
4.538377586563433397e+01
5.147462236119826429e+01
5.795614477307324108e+01
6.482959732287076804e+01
7.209485236799670815e+01
7.975002200711884370e+01
8.779107702529108792e+01
9.621145847728345757e+01
1.050016920419806610e+02
1.141490247467016701e+02
1.236371069518320098e+02
1.334457404736409103e+02
1.435507080564084958e+02
1.539236920093499918e+02
1.645322825757971259e+02
1.753400708789817202e+02
1.863068177706384745e+02
1.973886885406475926e+02
2.085385437099221519e+02
2.197062773203352037e+02
2.308391956227271464e+02
2.418824304084753294e+02
2.527793822130916226e+02
2.634721891809022054e+02
2.739022175674112987e+02
2.840105697657713790e+02
2.937386054616457614e+02
3.030284711698195110e+02
3.118236330093225774e+02
3.200694072280678597e+02
3.277134827190696456e+02
3.347064295667959186e+02
3.410021875954714119e+02
3.465585289329500256e+02
3.513374887245611262e+02
3.553057584382635241e+02
