6.229744329438707654e-13
8.876069388493262186e-03
3.542540873347460595e-02
7.941160818282991252e-02
1.404413143912031925e-01
2.179652521187519787e-01
3.112797084462803898e-01
4.195285334884876760e-01
5.417057268863363362e-01
6.766586943659275155e-01
8.230922735577008709e-01
9.795736425431101901e-01
1.144538238280104370e+00
1.316296824329627135e+00
1.493043858446034156e+00
1.672867319275094466e+00
1.853760157657788232e+00
2.033633540792897598e+00
2.210332054639747579e+00
2.381651025795640475e+00
2.545356106592041368e+00
2.699205249674700546e+00
2.840973167183683756e+00
2.968478330120908559e+00
3.079612515205152334e+00
3.172372843203199455e+00
3.244896180800569851e+00
3.295495693160059414e+00
3.322699237300950514e+00
3.325289181012923478e+00
3.302343117689634511e+00
3.253274829187005501e+00
3.177874728731950427e+00
3.076348902774853400e+00
2.949355764221388121e+00
2.798039245212558868e+00
2.624057393769600566e+00
2.429605210303453333e+00
2.217430569488581860e+00
1.990842129006791916e+00
1.753708232788389720e+00
1.510445975918317085e+00
1.265999809913784357e+00
1.025809328280586685e+00
7.957661749836992815e-01
5.821603529879204597e-01
3.916165616374709946e-01
2.310215449974688529e-01
1.074437695818872829e-01
2.804705126656133196e-02
6.222757192877899833e-13
3.038333208856255907e-02
1.260972018011105311e-01
2.937707197364838874e-01
5.396757531828239030e-01
8.696469470559761161e-01
1.289009671874509877e+00
1.802517310753708024e+00
2.414298957233036891e+00
3.127818228537551981e+00
3.945843523761790372e+00
4.870429692305582314e+00
5.902910740398557010e+00
7.043902907008264158e+00
8.293317195012200216e+00
9.650380253653018769e+00
1.111366237775635213e+01
1.268111131732421093e+01
1.435009057148914557e+01
1.611742087566571868e+01
1.797942364083869649e+01
1.993196523294476918e+01
2.197050107801397445e+01
2.409011872074421490e+01
2.628557912110223782e+01
2.855135558772044035e+01
3.088166994357655426e+01
3.327052555347327711e+01
3.571173708226351096e+01
3.819895683236158135e+01
4.072569770380883369e+01
4.328535273853943011e+01
4.587121214562149163e+01
4.847647564883725124e+01
5.109426420319235973e+01
5.371762828824840597e+01
5.633955293115479890e+01
5.895296250487724876e+01
6.155072303421682989e+01
6.412564315898298162e+01
6.667047415821697598e+01
6.917790923496468736e+01
7.164058237964819398e+01
7.405106704321850941e+01
7.640187510203999466e+01
7.868545600815527052e+01
8.089419708115084973e+01
8.302042459807111641e+01
8.505640636751508055e+01
8.699435607351804833e+01
8.882643932731056680e+01
9.054478383188487101e+01
9.214148809085818925e+01
9.360863899544128230e+01
9.493832841479643037e+01
9.612267615594113579e+01
9.715385565241801658e+01
9.802412611124248087e+01
9.872586870592976993e+01
9.925162898420404645e+01
9.959416509977094734e+01
9.974650289079943377e+01
9.970199763309707919e+01
9.945440322695405655e+01
9.899794887492481621e+01
9.832742354227403325e+01
9.743826828234452364e+01
9.632667660485807914e+01
9.498970224901633230e+01
9.342537444824054660e+01
9.163281981361805606e+01
8.961239015601006486e+01
8.736579466787206627e+01
8.489623564423649782e+01
8.220854519634072233e+01
7.930932107594762215e+01
7.620705882570511847e+01
7.291227713709497493e+01
6.943763304082816035e+01
6.579802290233439521e+01
6.201066520926465842e+01
5.809516060613433552e+01
5.407352468078130414e+01
4.997018891153701503e+01
4.581196548629937126e+01
4.162797162755531133e+01
3.744951045910016063e+01
3.330990517914490567e+01
2.924428515552402530e+01
2.528932332287690343e+01
2.148292585147078171e+01
1.786387652994412178e+01
1.447144000406482789e+01
1.134492966677372472e+01
8.523247626254301323e+00
6.044405640273093461e+00
3.945037158713421643e+00
2.259911528224061161e+00
1.021461948317701651e+00
2.593388526353703205e-01
6.221542542525947599e-13
2.663476951010874116e-01
1.077422244974900911e+00
2.448159052442631545e+00
4.389214733361860965e+00
6.906865422474534277e+00
1.000297811692922068e+01
1.367505361426918320e+01
1.791633744589467270e+01
2.271599328799855044e+01
2.805933172458225044e+01
3.392808601111958922e+01
4.030072566638202858e+01
4.715279826073487612e+01
5.445728986249918080e+01
6.218499465086452460e+01
7.030488532158433657e+01
7.878447616974352741e+01
8.759017221053893820e+01
9.668759874758576700e+01
1.060419067765196388e+02
1.156180510608219834e+02
1.253810385665798179e+02
1.352961462231176029e+02
1.453291076370149995e+02
1.554462693108592930e+02
1.656147174835247142e+02
1.758023772933317446e+02
1.859780863641850033e+02
1.961116449047504489e+02
2.061738445586401269e+02
2.161364799599184039e+02
2.259723422483466493e+02
2.356552027685411019e+02
2.451597808422075673e+02
2.544617066578520905e+02
2.635374761374060313e+02
2.723644001815742968e+02
2.809205519806307052e+02
2.891847114466348216e+02
2.971363105732517624e+02
3.047553805893006711e+02
3.120224985973101184e+02
3.189187415180813332e+02
3.254256418017621968e+02
3.315251484402378424e+02
3.371995954992380575e+02
3.424316778912960899e+02
3.472044309973385907e+02
3.515012238455528859e+02
3.553057581940240084e+02
