3.999999999995109246e+00
3.984976518272744350e+00
3.969905895533917484e+00
3.954787863819105187e+00
3.939622153088547574e+00
3.924408491192453052e+00
3.909146603874528392e+00
3.893836214770185489e+00
3.878477045405710033e+00
3.863068815198548389e+00
3.847611241458385400e+00
3.832104039389655714e+00
3.816546922094964156e+00
3.800939600579869460e+00
3.785281783758912777e+00
3.769573178462979346e+00
3.753813489448114549e+00
3.738002419405789034e+00
3.722139668974675963e+00
3.706224936754146437e+00
3.690257919319364976e+00
3.674238311238225307e+00
3.658165805090098033e+00
3.642040091486558939e+00
3.625860859094120148e+00
3.609627794659068467e+00
3.593340583034532632e+00
3.576998907209894885e+00
3.560602448342514936e+00
3.544150885792087369e+00
3.527643897157528130e+00
3.511081158316651685e+00
3.494462343468678345e+00
3.477787125179731209e+00
3.461055174431391102e+00
3.444266160672535104e+00
3.427419751874527520e+00
3.410515614589834321e+00
3.393553414014438996e+00
3.376532814053860410e+00
3.359453477393307796e+00
3.342315065571801025e+00
3.325117239060702445e+00
3.307859657346482685e+00
3.290541979018372309e+00
3.273163861860768797e+00
3.255724962950262480e+00
3.238224938758505811e+00
3.220663445259982272e+00
3.203040138045587071e+00
3.185354672441954804e+00
3.167606703636975052e+00
3.149795886811380896e+00
3.131921877277114685e+00
3.113984330622180163e+00
3.095982902862985497e+00
3.077917250603383170e+00
3.059787031201767427e+00
3.041591902945789627e+00
3.023331525235377182e+00
3.005005558774064944e+00
2.986613665769308756e+00
2.968155510141620379e+00
2.949630757743352483e+00
2.931039076587219405e+00
2.912380137084908949e+00
2.893653612296224420e+00
2.874859178189145492e+00
2.855996513911151613e+00
2.837065302072220518e+00
2.818065229039989461e+00
2.798995985247402896e+00
2.779857265513411058e+00
2.760648769377099576e+00
2.741370201445755495e+00
2.722021271757356420e+00
2.702601696158021038e+00
2.683111196694889067e+00
2.663549502025029270e+00
2.643916347840895131e+00
2.624211477312922813e+00
2.604434641549858487e+00
2.584585600077428325e+00
2.564664121335985314e+00
2.544669983197787921e+00
2.524602973504547876e+00
2.504462890626148130e+00
2.484249544040618485e+00
2.463962754937209176e+00
2.443602356842066836e+00
2.423168196268291830e+00
2.402660133390574160e+00
2.382078042745597646e+00
2.361421813956576798e+00
2.340691352498673883e+00
2.319886580459069148e+00
2.299007437369826601e+00
2.278053881043776485e+00
2.257025888442084849e+00
2.235923456582819213e+00
2.214746603482225407e+00
2.193495369124426997e+00
2.172169816470661541e+00
2.150770032503879214e+00
2.129296129314013797e+00
2.107748245213981964e+00
2.086126545908680630e+00
2.064431225696176764e+00
2.042662508711732272e+00
2.020820650221958115e+00
1.998905937964068791e+00
1.976918693522478954e+00
1.954859273766942573e+00
1.932728072341646230e+00
1.910525521183114472e+00
1.888252092126213366e+00
1.865908298539551868e+00
1.843494697027956430e+00
1.821011889192342581e+00
1.798460523450205795e+00
1.775841296918664547e+00
1.753154957362041522e+00
1.730402305206361957e+00
1.707584195623135903e+00
1.684701540679744536e+00
1.661755311573238636e+00
1.638746540926368178e+00
1.615676325172361816e+00
1.592545827015192428e+00
1.569356277970003433e+00
1.546108980994647997e+00
1.522805313210003897e+00
1.499446728704820098e+00
1.476034761439467102e+00
1.452571028244879381e+00
1.429057231923899440e+00
1.405495164450964563e+00
1.381886710285258557e+00
1.358233849788093694e+00
1.334538662756744598e+00
1.310803332075486161e+00
1.287030147487741472e+00
1.263221509493559269e+00
1.239379933376431930e+00
1.215508053365863095e+00
1.191608626933789550e+00
1.167684539239895569e+00
1.143738807724602902e+00
1.119774586847743114e+00
1.095795172997569455e+00
1.071804009557026705e+00
1.047804692143256444e+00
1.023800974023686194e+00
9.997967717162256074e-01
9.757961707806337426e-01
9.518034318084148682e-01
9.278229966191903211e-01
9.038594946725170276e-01
8.799177497039485374e-01
8.560027865961428173e-01
8.321198384928601977e-01
8.082743541701502554e-01
7.844720056794013407e-01
7.607186962666567798e-01
7.370205685969440923e-01
7.133840132788844546e-01
6.898156777367918657e-01
6.663224754215603118e-01
6.429115953996277222e-01
6.195905123391585168e-01
5.963669969222386014e-01
5.732491267149653069e-01
5.502452975323157691e-01
5.273642353374307090e-01
5.046150087286327413e-01
4.820070420642218467e-01
4.595501292973802054e-01
4.372544485969740435e-01
4.151305778499809196e-01
3.931895111594256864e-01
3.714426764764604538e-01
3.499019545380642193e-01
3.285796993230771235e-01
3.074887602942122378e-01
2.866425067669703952e-01
2.660548548454109707e-01
2.457402975007286772e-01
2.257139385588419478e-01
2.059915316344363700e-01
1.865895254445359697e-01
1.675251175267210846e-01
1.488163192997320194e-01
1.304820368611816772e-01
1.125421743437563099e-01
9.501777089727540815e-02
7.793119029121491070e-02
6.130639818381210249e-02
4.516939832586946979e-02
2.954899473283600225e-02
1.447837316886885217e-02
-5.290040562198796110e-15
