4.000000000000355271e+00
3.984982789085838473e+00
3.969931061924895310e+00
3.954844676296639161e+00
3.939723489287643599e+00
3.924567356602805646e+00
3.909376133052486324e+00
3.894149672331341350e+00
3.878887827188134629e+00
3.863590449127638049e+00
3.848257388725976114e+00
3.832888495401314266e+00
3.817483617537124285e+00
3.802042602264674276e+00
3.786565295677517984e+00
3.771051542700694537e+00
3.755501187153307274e+00
3.739914071607821189e+00
3.724290037512125284e+00
3.708628925106746799e+00
3.692930573443356401e+00
3.677194820304034550e+00
3.661421502354408108e+00
3.645610454871316630e+00
3.629761511961849152e+00
3.613874506444514356e+00
3.597949269840242437e+00
3.581985632397562735e+00
3.565983423030863353e+00
3.549942469294231628e+00
3.533862597443240716e+00
3.517743632362468453e+00
3.501585397559993762e+00
3.485387715154090849e+00
3.469150405844645846e+00
3.452873288943453911e+00
3.436556182296037765e+00
3.420198902299774524e+00
3.403801263862556326e+00
3.387363080497573620e+00
3.370884164088885360e+00
3.354364325029497440e+00
3.337803372247828193e+00
3.321201113051022613e+00
3.304557353170770817e+00
3.287871896819165141e+00
3.271144546491323801e+00
3.254375103119781176e+00
3.237563365976152685e+00
3.220709132646949246e+00
3.203812199112601622e+00
3.186872359545506850e+00
3.169889406338659121e+00
3.152863130360207489e+00
3.135793320537689333e+00
3.118679764064146820e+00
3.101522246310350006e+00
3.084320550817631457e+00
3.067074459292133959e+00
3.049783751548563071e+00
3.032448205583982315e+00
3.015067597343037420e+00
2.997641700934389419e+00
2.980170288471704509e+00
2.962653130060887374e+00
2.945089993890444902e+00
2.927480645997154962e+00
2.909824850429063581e+00
2.892122369190825104e+00
2.874372962097800688e+00
2.856576386899032816e+00
2.838732399168150344e+00
2.820840752304818899e+00
2.802901197529480637e+00
2.784913483795484979e+00
2.766877357830961781e+00
2.748792564076837586e+00
2.730658844670264429e+00
2.712475939417657411e+00
2.694243585767808646e+00
2.675961518786261983e+00
2.657629471128388321e+00
2.639247173012365000e+00
2.620814352189492880e+00
2.602330733933211793e+00
2.583796040985194775e+00
2.565209993546386791e+00
2.546572309249398813e+00
2.527882703122657837e+00
2.509140887591510882e+00
2.490346572388022484e+00
2.471499464609403951e+00
2.452599268637737140e+00
2.433645686103281580e+00
2.414638415892368162e+00
2.395577154115936303e+00
2.376461594077741601e+00
2.357291426242434262e+00
2.338066338211363338e+00
2.318786014779291360e+00
2.299450137723021648e+00
2.280058385978262603e+00
2.260610435518369155e+00
2.241105959354883215e+00
2.221544627527939131e+00
2.201926107078078676e+00
2.182250062001093394e+00
2.162516153312851852e+00
2.142724038965600375e+00
2.122873373892970594e+00
2.102963809941513329e+00
2.082994995964233542e+00
2.062966577634811394e+00
2.042878197666863294e+00
2.022729495698600832e+00
2.002520108300661406e+00
1.982249669034196859e+00
1.961917808456080881e+00
1.941524154097833410e+00
1.921068330555670167e+00
1.900549959484582274e+00
1.879968659656680696e+00
1.859324047002757441e+00
1.838615734679572178e+00
1.817843333122270533e+00
1.797006450130691491e+00
1.776104690953063781e+00
1.755137658386218380e+00
1.734104952885699102e+00
1.713006172706549091e+00
1.691840914003531982e+00
1.670608771050815289e+00
1.649309336397703829e+00
1.627942201058828475e+00
1.606506954748303739e+00
1.585003186136562769e+00
1.563430483128160686e+00
1.541788433175501627e+00
1.520076623627258927e+00
1.498294642116375863e+00
1.476442076990458041e+00
1.454518517791042687e+00
1.432523555784141589e+00
1.410456784555365939e+00
1.388317800656371892e+00
1.366106204340684860e+00
1.343821600364626834e+00
1.321463598902665737e+00
1.299031816483158686e+00
1.276525877181645674e+00
1.253945413765438444e+00
1.231290069084729044e+00
1.208559497570186325e+00
1.185753366893981697e+00
1.162871359832041929e+00
1.139913176268593897e+00
1.116878535516520055e+00
1.093767178726901879e+00
1.070578871714554792e+00
1.047313407919328032e+00
1.023970611776384265e+00
1.000550342244946433e+00
9.770524968049013603e-01
9.534770156420361298e-01
9.298238861627858842e-01
9.060931477403614265e-01
8.822848966143963523e-01
8.583992908234109320e-01
8.344365549599344067e-01
8.103969844413498880e-01
7.862809488615906117e-01
7.620888937689167530e-01
7.378213399652135962e-01
7.134788790477905041e-01
6.890621634272221518e-01
6.645718884053987141e-01
6.400087630600378441e-01
6.153734656091374156e-01
5.906665776199496731e-01
5.658884898492251292e-01
5.410392707587192707e-01
5.161184868528401193e-01
4.911249622032416995e-01
4.660564630819175602e-01
4.409092925029460819e-01
4.156777792197444144e-01
3.903536453392450478e-01
3.649252356544799292e-01
3.393765879243321737e-01
3.136863125326327384e-01
2.878262285755486816e-01
2.617596614469530625e-01
2.354392324755551213e-01
2.088038358753655510e-01
1.817742426143410528e-01
1.542462478941050430e-01
1.260790889922826785e-01
9.707374186998286858e-02
6.692572674650419662e-02
3.509252325419623397e-02
3.745241193133911146e-16
