2.489314545884822483e+00
1.182743128088064699e+00
3.551145483241779477e+00
5.579787565238830682e-01
1.865823583348555914e+00
3.359065224447927989e+00
2.761990378396673496e+00
2.917073286861129322e+00
1.705393597053401988e+00
2.835713314134609586e+00
1.011808085024288539e+00
3.219638466677469113e-01
1.584372726509963192e+00
1.980461448842909311e+00
5.886262352500271078e-01
2.663484301291523693e+00
1.732074653498864691e+00
2.855586368285071064e+00
3.622074070418801472e+00
6.995596799759997708e-01
2.823355168271592053e+00
8.519350544601883568e-01
5.128436767077753089e-01
3.781355430747393442e-01
4.868333688903344059e-01
3.507031129150375293e+00
2.961144799147037432e+00
2.046507361254085833e+00
1.710492227509573304e+00
2.099129983440028990e+00
1.554806261247565713e+00
3.145216780998862927e+00
1.831061753941803039e+00
9.437907146026983662e-01
2.924992785054117750e+00
2.146389442722855367e+00
3.795793020427697062e+00
6.763253600056644554e-01
1.498016277957484599e+00
3.102316021676585489e+00
3.240360718054449585e+00
2.299784488389000181e+00
2.008507726303570440e+00
2.261214538153652587e+00
2.520569920730376001e+00
2.370480635280660664e+00
1.784010443881236752e+00
2.047412249832244679e+00
1.339202656016688531e+00
3.550616939666554561e+00
1.941418792830990059e+00
1.491391002804429267e+00
1.256364663244856850e+00
1.770534300130707894e+00
1.480940189125819373e+00
3.274521338238417734e+00
2.094423749904777754e+00
3.143510684050186743e+00
8.344529223431201848e-01
1.440566965432723778e+00
2.028211383046591987e+00
2.110404256510781451e+00
2.021109784080793226e+00
3.697940001330219939e+00
3.570545538300819999e+00
3.264526300832883976e+00
2.924322090816332320e+00
1.995518482012120787e+00
2.341264684444244626e+00
2.979825226936795524e+00
2.381179155223463795e+00
1.838968076061935353e+00
1.151904515806345231e+00
3.453956271429922786e+00
3.088502545274630862e+00
8.951447832728294252e-01
2.992472002410945020e+00
1.947167477084134068e+00
3.101352264167556161e+00
2.125958804363720311e+00
3.583091109763308690e+00
1.740001006446345366e+00
2.547009824384054877e+00
1.019985391137668618e+00
2.795121104125778966e-01
1.063312489537203254e+00
2.599756914616062620e+00
2.335185909639564183e+00
1.104076336688585291e+00
9.401533290509274110e-01
3.160452499294312378e+00
5.484507313950597318e-01
8.728488245472385554e-01
3.641038993103315580e+00
2.125491734946062472e+00
1.857057200368970484e+00
3.263753168994382392e+00
2.095503119629627875e+00
1.388567365164610434e+00
2.800890762422989511e+00
2.442154333626664009e+00
3.824262975036665235e+00
1.222695011169298906e+00
3.774258295053838363e+00
3.149830627234498692e+00
1.122691931260631826e+00
2.905341390794150769e+00
1.369924820132295773e+00
1.364193495724789651e+00
2.837443245349952736e+00
2.315884320425306564e-01
2.650989619249695117e+00
3.234886744330980335e+00
3.055026452260046987e+00
8.774398657874424856e-01
3.738029885793750839e+00
2.645073223159889242e+00
2.162602927538997299e+00
1.119078863889890751e+00
2.043961770358647456e+00
2.659626939082815777e+00
3.292229910602923582e+00
3.664673727638863454e+00
2.972118206339747548e+00
2.145342239890945635e+00
3.708749634927013261e+00
2.303408410572182596e+00
1.970357065774054339e+00
3.989433913633844142e+00
7.444487833571548085e-01
1.273975848866310656e+00
3.018053460745732108e-01
2.127490693715383241e+00
1.520187220205435841e+00
2.732004217520304312e+00
2.918916179509267295e+00
1.826043796504017491e+00
3.776702513587772092e+00
2.771393176889955345e+00
2.667098524631633882e+00
4.731543036662882451e-01
2.742232616342323848e+00
1.967524515916010186e+00
3.303054668212560330e+00
9.030349819570470116e-01
9.478377880882690176e-01
1.217251031541237039e+00
3.607943855590837856e+00
2.502515389723326766e+00
2.486903364465593125e+00
2.137281720072136793e+00
3.665067744828281793e+00
1.007983256417327000e+00
3.260823249137213775e+00
1.822930857446924735e+00
3.396293653070339591e+00
1.218157778567124705e+00
2.116007962387689734e+00
1.798716023791107954e+00
2.088308505724745689e+00
9.889634544563195018e-01
1.343496088038015790e+00
2.167138658134607709e+00
2.217499059411593532e+00
1.865801580097034451e+00
1.952802541353006793e+00
2.569235771372126553e+00
3.439538825321422966e+00
2.426426036645310091e+00
1.441215303008499093e+00
3.102641721077375792e+00
5.538036834501853800e-01
2.719754821092667196e+00
1.479761179363882295e+00
1.205886059621733120e+00
1.019648975541003200e+00
7.748915049821578638e-01
3.197200323559630686e+00
1.016701488308604073e+00
1.601397899147291692e+00
1.082942664455411652e+00
1.419613122357329171e+00
2.138039946763061749e+00
3.313259275767716616e+00
4.354884376260833578e-01
3.602939553303781683e-01
1.533074305837394791e+00
3.664706703838168433e+00
1.361119770840402143e+00
1.409131083049866895e+00
3.786827033456387603e+00
1.039034748694211308e+00
3.014190103119444242e+00
2.382356630373209772e+00
2.547765513861872666e+00
2.244619208555314049e+00
2.168211816211334408e+00
1.272760061561712064e+00
2.795314293402216599e+00
2.273328208621640201e+00
3.218918559930822543e+00
3.006760837042743439e+00
3.095558663890477735e+00
2.215000855276145320e+00
2.950136180380854789e+00
3.339243473835538989e+00
1.689366093129833990e+00
1.452618827111444411e+00
2.437654813411155030e-01
1.036551713518365059e+00
3.948806906188340182e-01
3.600623158169947047e+00
2.670689713241923613e+00
3.379301583468379278e+00
1.844881393684497217e+00
2.294300693841592853e+00
1.687660289853903262e+00
2.206876548690482220e+00
6.242237404099744147e-01
2.480840105434608756e+00
3.125675407306629960e+00
2.514810775075725591e+00
6.847572664006450482e-01
3.025320525201444344e+00
3.495002848703176568e+00
3.129446455284605300e+00
2.410925131695368151e+00
2.826398626790306068e+00
2.666187304643159006e+00
2.169386802299538619e+00
5.300126503042583703e-01
2.353189610438107149e+00
1.077364454847813180e+00
2.953355588143955490e+00
7.061741259938145721e-01
3.253473597399679118e+00
3.886588649400467776e+00
2.322838323593628740e+00
3.319082570401140408e+00
1.829456681436819387e+00
2.702401953995629214e+00
3.002462230440827273e+00
2.128724036841650680e+00
3.514827673803026631e+00
2.041924013115469894e+00
1.519390925913663093e+00
2.442841387480328752e+00
2.028869795123353192e+00
1.221739692759560070e+00
9.410974759464442174e-01
7.311052917783364968e-01
1.617803870076122585e+00
1.794534755077614063e+00
2.782103871397760386e+00
2.706942602026497724e+00
1.083734540781434719e+00
3.437320279129635558e+00
1.366743418918981545e+00
2.967794283628001129e+00
2.008841738166820434e+00
1.865471116315599920e+00
3.691411398030386426e+00
2.469486331423243364e+00
1.143773859623790301e+00
2.621775035263452569e+00
8.134960340331350848e-01
1.200617125446953315e+00
3.501337894271284057e+00
3.636035545350097209e+00
2.540320647150757782e+00
1.239345676977182231e+00
1.752270331585394025e+00
1.403176652955373527e+00
2.504740854565538299e+00
2.762067960580262937e+00
2.283364200820593215e+00
3.212019639534092974e+00
1.550313755836052243e+00
3.326907735547128819e+00
3.012773974303073476e+00
1.738183510506791096e+00
1.574682636731204788e+00
1.591380483176235261e+00
2.312865169563541823e+00
5.590840986286687020e-01
2.810100164790577448e+00
6.946132321489478789e-01
2.120322328512650678e+00
2.185505099830108211e+00
2.842103178205945824e+00
6.086814095424497584e-01
3.133894311313566217e+00
2.025858557427400175e+00
1.746070953197463416e+00
2.538323269032078944e+00
3.729922778603440570e+00
2.786612139928719589e+00
1.441890590822599183e+00
9.520326525265643269e-01
2.838980236720948458e+00
1.633747671001167356e+00
8.987748828171928661e-01
1.723071065940076974e+00
1.506612991890088349e+00
1.281017115553031882e+00
2.668851988921667306e+00
1.517852432816099162e+00
1.331530063519329232e+00
2.485972116714551206e+00
1.246044383445573250e-01
3.412992826273364866e+00
2.416689355192370048e+00
1.461377726322145687e+00
1.765458556617574670e+00
3.501103191230642953e+00
3.087151745866026253e+00
3.087321252907952562e+00
2.148692628366151602e+00
2.156743501168828736e+00
3.429298160361959891e+00
2.065766773314551052e+00
2.517651147947948864e+00
2.332547224402449437e+00
1.401329475585188167e+00
2.059711342526565403e+00
1.695757024409641600e+00
2.828520984246952974e+00
7.875398174245753502e-01
2.850117773269030153e+00
1.382488185643370171e+00
6.311575033820171488e-01
4.619100874134967061e-01
1.539377329694427532e+00
3.939140252601605607e-01
9.738755343858128688e-01
4.306489402362362329e-01
1.148861033772520024e+00
2.325344400396274658e+00
1.854071907107380124e+00
1.107025130682955494e+00
3.096115131767566808e+00
2.094379243256348389e+00
2.102955576687921102e+00
7.549021446631329901e-01
2.558438467803432648e+00
3.411176549077165276e+00
3.814882446414894712e+00
1.473117307840377643e+00
2.102733325149872545e+00
2.234647265485380174e+00
1.756057918457583744e+00
9.557750233603922174e-01
2.513714207861409644e+00
2.107144830402112756e+00
1.154297309693641305e+00
3.275870270903232129e+00
7.419432409696213870e-01
3.519230635544245533e+00
9.957190790376337919e-01
2.975849552447559887e+00
2.694676311471136287e+00
6.705614180772120347e-01
1.520684706233722761e+00
3.367504741755642517e+00
3.229209531034130443e+00
3.856802909718216821e+00
3.018246451955254983e+00
8.582065115205835815e-01
2.401327765686427362e+00
1.162458838705950015e+00
2.820080554991641897e+00
7.545826426982605861e-01
3.087552256997516231e+00
1.761517835999908410e+00
3.402126668361011852e+00
2.863066432429392183e+00
2.347884762924908220e+00
1.611600787995384421e+00
3.919955393759446682e+00
1.545292675754823541e+00
1.208594907663140150e+00
2.788726088617704324e+00
1.670543488040840074e+00
7.759383087041648031e-01
1.394453163167000964e+00
1.695774895812505623e+00
6.690833412693366622e-01
2.423054718026081744e+00
3.117072849111647059e+00
7.992248228941222221e-01
1.999172586771402749e+00
3.186097328881158486e+00
1.506541930049324574e+00
2.390114587040135241e+00
3.598521109086134651e-01
2.216208655310770492e+00
1.041559366156537658e+00
3.324018140890975248e-01
1.566960883811384209e+00
3.187306311084597610e+00
1.553349674330195329e+00
2.888682034755067463e+00
3.319183153874548431e+00
9.841281896693828690e-01
2.329740459540329489e+00
2.061412221742643158e+00
3.550629525725284008e+00
3.745699152841220680e+00
2.009507119081952897e+00
2.541235448974154210e+00
3.333835411205527954e+00
2.358764036258748309e+00
1.540882605678007389e+00
2.680470316581760493e+00
1.313447075630434391e+00
3.600185797184173087e+00
3.625696548828447607e+00
3.353502811414064588e+00
1.900373305902143484e+00
1.283958771276131117e+00
9.720497172585739198e-01
2.125766434101141744e+00
2.691470124065051372e+00
3.411994046484231546e+00
4.551173349019723702e-01
6.250104490948455993e-01
8.218730971153400677e-01
1.055408233393691608e+00
3.132611060833280892e+00
2.191168768060021144e+00
1.559470987289826915e+00
3.089379476113153444e+00
3.381883315798026146e+00
3.026051391907378818e+00
2.662397671199732585e+00
1.665254393981349113e+00
3.417354060829216778e+00
3.885115838701992175e+00
1.382717821935859792e+00
3.088003095295775768e+00
1.488520850121338279e+00
1.740332112947015952e+00
2.895752293963495649e+00
2.292765097234726657e+00
2.316470849901256290e+00
3.264055398488577175e+00
1.267125162645549530e+00
3.303192879110633307e+00
1.530869836583822474e+00
2.235164245084656276e+00
1.647890093162709846e+00
1.288849704600957047e+00
6.082054270975295607e-01
3.029013522921518931e+00
3.020592839045800115e+00
3.150798427918910516e+00
3.248138971835894395e+00
3.480456876991937065e+00
2.079146182314868696e+00
8.618260446881859105e-01
1.048021211837710132e+00
2.340995516361540574e+00
1.012543009462351984e+00
1.532321579273335788e+00
1.299514875950864790e+00
7.015869673387767902e-01
2.958352514146501910e+00
2.382404418034048899e+00
3.011242085770916344e+00
3.107268572219097802e+00
2.358819813595265380e+00
3.916728771292444122e+00
2.200513314161008704e+00
1.895560459982473134e+00
1.227330413561867672e+00
2.581825620693409817e+00
3.916704184221712626e-01
9.837931624997375835e-01
2.130406456388752812e+00
9.509140108762151877e-01
3.097905314762636753e+00
3.249578633285953533e+00
2.108968897666326114e+00
2.001185049116442904e+00
2.787280103138336962e+00
2.419824972594104562e+00
2.085710604092013920e+00
7.307537906932520810e-01
3.082409563478865522e+00
1.022966076655211110e+00
1.730311078229386790e-01
1.063067282872536490e+00
1.999753246863626099e+00
1.973394801615365735e+00
1.432785268837446502e+00
1.946745392925774309e+00
3.305233343564004667e+00
2.786808367116567542e+00
3.569493042917988745e+00
2.988840441340804066e+00
2.268962072902632521e+00
4.879262084844415148e-01
1.740797364613500653e+00
2.962545965536417025e+00
2.606567623952289026e+00
1.378633245921322636e+00
2.371134237318774929e+00
1.790186013586901659e+00
2.683357930810272407e+00
3.069687475155305822e+00
2.970852287218727739e+00
2.605426331182896238e+00
1.377322303751415067e+00
2.167826203486248993e+00
2.362686902758532437e+00
1.505993625245590328e+00
2.975853069944921270e+00
2.752416925993387942e+00
3.179590104937611184e+00
9.256499613451524278e-01
2.497231849165767237e+00
1.762868376259443259e+00
9.693430681009941319e-01
2.261153113939995407e+00
7.905307933727694358e-01
1.487334909078636525e+00
2.476791638613012658e+00
1.046207770515940272e+00
3.393903591967362576e+00
2.981757803263688444e+00
3.368859555065496725e+00
6.343395759541355927e-01
2.870423986553154450e+00
1.229356240813190171e+00
2.831474776266526217e+00
2.819463364631882296e+00
2.721581335520590894e+00
1.145183983104668402e+00
2.552422641503377942e+00
7.441053641301081933e-01
6.662841218779758101e-01
1.996286451338373513e-01
1.731911818851707752e+00
2.817127661169323005e+00
1.562400768628763759e+00
2.207478351351524370e+00
4.624216318218899446e-01
3.230011540974110584e+00
2.864119946642316616e+00
1.309354002900681824e+00
3.297639521455671741e+00
2.544267861864955904e+00
6.629750108900245298e-01
1.486236478365715152e+00
1.939060130026828643e+00
1.025007693075003612e+00
3.668335087835338792e-01
1.216185651460726325e+00
2.532417363039350722e+00
1.845926741535585780e+00
1.886970258668861922e+00
3.788981912849442857e+00
2.895458582140487125e-01
1.298392151943784656e+00
3.539809254547362505e-01
1.521604575427966344e+00
3.706357487320599553e+00
1.993429398356919346e+00
3.803291287250077257e+00
2.190550548183373802e+00
2.269511076536685046e+00
3.463317139519080712e+00
2.038978709384416277e+00
2.359484892659511335e+00
3.546879012563147526e+00
5.233474575832767206e-01
2.403125601695695668e+00
1.942305572364968258e+00
1.971936878717377883e+00
3.225522802006945522e+00
1.105189326736232047e+00
5.514110576066387770e-01
2.088486481871546285e+00
1.223231862657323976e+00
3.830085516411761759e+00
2.806256020980313348e+00
3.814809792472169114e+00
2.730586968794252556e+00
2.971730876896970797e-01
1.391339976993248406e+00
2.982956398214707150e+00
2.554623307826485945e+00
2.114167390668232560e+00
2.362129312170513806e+00
1.165073033809197467e+00
1.832958845183362273e+00
3.627451609818473255e+00
2.597713579888572433e+00
8.052250136135019609e-01
2.727194116131666402e+00
1.736355797559538727e+00
2.761635033887163804e+00
2.731291802987478423e+00
7.600677467848639957e-01
3.361321920743807201e+00
3.001206437144560812e+00
3.689037346129352635e+00
2.953426463611112496e+00
3.470281330610352821e+00
2.839095051158050609e+00
1.644556588664619401e+00
3.141288504461574593e+00
4.852420036588684926e-01
2.810243514404759946e+00
2.240874423241562052e+00
1.109198630721099477e+00
2.817627338340491505e+00
3.006202481563201800e+00
2.173294325950497985e+00
3.628292033636452363e+00
7.966356792201826353e-01
1.539759255716086184e+00
3.063209614525228996e+00
1.800963475091299060e+00
1.992599931926769541e+00
1.278170267711503660e+00
2.918181386343905004e+00
3.955104917263747577e+00
8.760298757789313218e-01
2.692699194957024034e+00
2.894286228212474832e+00
3.790792556101053812e+00
1.489158911316988299e+00
2.596720151881263927e+00
3.710892767998053454e+00
1.317292453336888158e+00
3.131962946901299727e+00
3.470465720360883299e+00
1.305548934257552585e+00
3.041309267286836260e+00
1.964245133289741041e+00
2.103652801596269661e+00
1.409577425787225335e+00
2.118032359587844304e+00
1.439875096009281208e+00
2.418132322461035599e+00
1.316944278579883720e+00
1.117356228481159341e+00
2.094512148840239174e+00
3.494352675105049766e+00
1.618231498275066960e+00
1.865555020924649643e+00
3.264177198803081659e+00
8.402282125305119420e-01
1.997694140524021833e+00
9.212592851696728147e-01
3.224163518898231828e+00
8.953984364153917408e-01
2.431543360524721920e-01
1.215385125411005740e+00
2.511514544034469054e+00
1.646187008948328145e+00
2.661134994001856935e+00
2.171147797236705035e+00
3.094753625254542229e+00
1.125677746839100601e+00
3.782641760872322401e+00
3.556498277719978063e+00
1.257865737394430417e+00
9.285969097241217884e-01
1.324595803505770775e+00
2.128761454356991489e+00
1.013720995530100089e+00
3.338289230353344905e+00
2.450943847164674061e+00
9.748337240639151080e-01
9.684197278191850611e-01
9.339431061634040354e-01
1.976466448011831911e+00
2.032423332831478024e+00
1.184585413236528550e+00
1.967124104496831061e+00
3.712369864943457110e+00
1.172284565634419407e+00
1.781611353162108946e+00
2.442022765529174411e+00
1.364960539729647371e+00
1.262808647420757158e+00
1.233100580056205375e+00
3.629720983916258525e+00
3.156847428165811653e+00
2.224004474788821906e+00
2.966207025935928776e+00
3.020522420912822859e-01
3.180757365598222197e+00
2.738424708521074447e+00
5.224475702457156423e-01
3.241484427660211942e+00
2.089400753499027985e+00
1.738950165430741546e+00
2.470978927584146057e+00
1.605566539308775686e+00
7.353962328012128014e-01
2.365537148150421487e+00
2.283408402094620371e+00
1.323414295692602272e+00
1.517429307770557845e+00
1.587098753792050232e+00
9.270344840272408682e-01
1.465955491770008501e-01
1.231982456128407621e+00
8.843457168387497402e-01
1.331613578637380613e+00
3.625526625214443577e+00
8.658499443263456552e-01
1.491117026211092655e+00
2.249529326126246787e+00
1.414697153041148292e+00
3.248630879743952260e+00
2.770394351312499115e+00
2.725640767598756842e+00
1.877570511838195566e+00
6.080408933135760252e-01
2.799090712166851347e+00
3.059908399740049578e+00
2.911412068206635340e+00
1.942125922873090715e+00
2.826068122079789635e+00
3.700209806838939741e+00
1.491801984047229190e+00
1.583004063561933572e+00
3.614895372932002360e+00
1.841574950901886609e+00
2.610338216447619430e+00
2.632579986068486200e+00
1.871538302532959053e+00
2.682210595773595330e+00
4.791996388393202633e-01
1.554710952783994404e+00
2.644124544053635173e+00
7.797601979350030632e-01
2.292773245392332182e+00
2.887677466249260583e+00
7.668538154714824584e-01
2.666296065359375245e+00
2.122271177740637338e+00
2.061013927994844508e+00
3.891039843180498226e-01
1.718105535285884944e+00
2.247237139879086243e+00
2.256661794538584953e+00
2.050704128593460851e+00
1.424761015804945519e+00
2.619307348534656299e+00
7.819391088216354202e-01
1.238030211015883619e+00
3.434664412048115345e+00
2.255864203111494604e+00
2.733177546774595346e+00
3.152106783822064440e+00
2.464190722440980252e+00
1.815113046496805271e+00
2.432507883366847867e+00
2.049043917444320684e+00
3.165229021068130422e+00
2.658445960891648419e+00
4.607394666936810435e-01
2.261784727131003425e+00
3.773251537848731463e+00
2.378249532709976855e+00
2.772222675303683381e+00
2.300884386028584583e+00
1.278935066496640127e+00
1.561491649861795006e+00
1.211867628987980616e+00
2.569645584873784028e+00
1.092999716653811904e+00
3.382142914870341244e+00
2.197861175829032732e+00
3.482762164774760638e+00
1.295055157981477301e+00
2.601956030105712525e+00
1.904956380394695170e+00
1.717503640227804329e+00
2.614682739580676873e+00
2.530769058570118357e+00
2.544830458703551290e+00
3.111086435593661825e+00
1.763452096417615245e+00
3.916240431227750451e-01
9.144208989287924139e-01
3.500108124586512215e+00
9.293685322025803108e-01
9.793373393095016199e-01
2.066697442269758600e+00
2.428674718042081349e+00
1.299121629322954163e+00
1.261675537927359203e+00
1.225012087311008191e+00
3.660322076681318038e+00
3.671282185935583087e+00
2.248599277575896949e+00
1.754357157804017797e+00
2.582147278719797878e+00
2.248761138571659490e+00
5.667016968657631049e-01
2.848069353405410453e+00
1.915081000503861430e+00
2.539324995956645292e+00
2.416906644948336513e+00
2.518489405645800705e+00
3.520570605545832787e+00
1.527008832363521584e+00
1.153524375689925829e+00
1.706958827925527000e+00
2.217083181552299553e+00
1.618072150012899835e+00
1.934982643381090384e+00
2.800875810340875738e+00
2.715344762307676518e+00
1.903449995114709692e+00
3.547413546252354166e+00
2.255710432946727906e+00
2.592005262663460652e+00
2.297702500760633093e+00
2.375845137761255721e+00
3.067315621247990176e+00
3.320165353250823514e-01
7.453130803273549931e-01
3.533589751444934368e+00
2.840244685854453000e+00
3.231766154101865407e+00
2.091264715669783225e+00
2.762675384655532085e+00
3.381340234317822713e+00
1.849331997568671726e+00
2.502150864490451099e+00
2.513134068822471701e+00
3.074105166839136150e+00
2.928312593735870717e+00
2.716702763695851619e+00
2.637890005403723315e+00
2.865042591525587934e+00
3.011068039740118607e+00
2.421537827556489386e+00
3.741068706207491434e+00
1.590023543476501100e+00
2.330416059896785463e-01
1.830870463221530686e+00
3.486728921252189473e+00
3.542162147987947041e+00
2.691594885004404136e-01
3.806715549172290380e+00
1.443805328853142056e+00
1.966299341616188023e+00
1.483773174033691244e+00
2.920046755900469915e+00
2.792293673549701261e+00
3.323897854798446350e+00
2.568021972945477405e+00
1.533144065302204151e+00
1.701928945930893500e+00
2.971537804870449939e+00
3.653850264108589485e+00
1.024574957858568114e+00
3.650630594614787672e+00
2.602253423558135825e+00
3.005764209734336223e+00
2.145533993815328611e+00
1.230909062153655587e+00
3.530581356707756413e+00
2.455581820257684456e+00
8.232113661304142349e-01
3.352287801147491919e+00
2.854229115822082274e+00
1.063185450480335525e+00
1.998457126221104829e+00
1.572471056284136193e+00
2.450097871638520886e+00
3.046186748633908703e+00
1.073400877867714653e+00
1.183015093856913946e+00
8.922812946246779786e-01
1.120511251114361118e+00
2.729575508602500644e+00
5.442992644454047735e-01
3.540598600398805473e+00
3.538429588368360079e+00
2.679732362865336448e+00
1.684692192569036129e+00
2.311311245071804965e+00
2.964301415264368078e+00
8.514753569038006065e-01
1.064589493600121006e+00
1.924898154798025285e+00
3.529732255188532175e+00
2.428664901504218765e+00
2.845100872339183962e+00
1.695684917981919115e+00
1.763093133596815187e+00
3.087516700158936089e+00
1.064377946622544480e+00
2.525843625497464995e+00
2.553153637014986099e+00
2.705995941030836516e+00
1.842748970517668061e+00
3.080837538748431914e+00
3.236811008512262555e-01
3.016939242689998135e+00
8.853088802531844381e-01
1.685143103798589115e+00
1.842136267019589768e+00
2.478157894872786038e+00
7.983754294468866641e-01
1.312902270336693711e+00
3.512869632664012531e+00
2.445655697664952388e+00
2.537452993878020813e+00
2.936306715763784325e+00
2.776214342240829414e+00
2.725575279732499467e+00
1.374901383074995209e+00
2.352773048415809587e+00
3.268012350853926051e+00
2.532354224920837282e+00
3.325434355182340429e+00
1.640477474874197927e-01
1.383756927299020445e+00
1.805910999976278131e+00
1.909613645094894840e+00
9.464166511680460747e-01
2.557103502735638578e+00
4.438093825514937141e-01
1.557047246817843567e+00
6.296216994786255627e-01
2.409559843259496237e+00
3.294829252511259021e+00
2.096519225998286551e+00
6.143374307193525397e-01
2.998008606459347192e+00
1.722695006658326200e+00
2.739654990720001404e+00
2.573736180460103551e+00
3.271099148236555898e+00
2.450987792273623178e+00
2.421225367285047447e+00
3.636541615849651077e+00
1.862150493734315848e+00
1.509649771351650349e+00
1.807055752145904082e+00
4.329132073215133381e-01
2.702799851369755757e+00
3.491398511525376058e+00
9.404967122992139439e-01
2.514761114473788250e+00
1.822145793323625806e+00
3.394778429646331031e+00
2.345871746231133592e+00
1.775841066199804086e+00
2.410418291066636964e+00
2.959747519456992215e+00
2.990290750419179577e+00
2.468769172807526058e+00
2.905271860740641809e+00
2.717127172574030691e+00
2.170783897969602860e-01
2.347922435902656257e+00
3.155652751023248381e+00
1.866324139060141052e+00
1.297982112786653763e+00
3.772634070067958589e+00
1.415782984570438163e+00
4.384944116693680893e-01
3.546464748563497249e+00
2.902759706474860923e+00
9.888374553408877388e-01
2.130510730450724477e+00
1.433095793670949636e+00
1.988100774345830990e+00
1.542423483044549126e+00
1.160519877098955766e+00
3.908041319063582097e+00
8.527264341635674150e-01
2.941347923178312840e+00
2.295416499165609192e+00
8.961287879950581292e-01
3.084758524151154369e+00
3.431141488575339960e-01
3.121939302190086085e+00
1.561566308880837806e+00
2.374741374499646174e+00
1.417358978378728152e+00
2.218481344289420232e+00
2.687630675694852922e+00
1.962853385963234221e+00
1.717997603359476377e+00
2.495062311268767541e+00
1.329862862091418796e+00
2.666194739925288104e+00
1.738644403062897803e+00
