7.702240153382376059e-22
3.944433353657982901e-03
1.573687624962132048e-02
3.525508477728590828e-02
6.229640904724666195e-02
9.657942123942019064e-02
1.377461812456548806e-01
1.853651263029951202e-01
2.389345676485051251e-01
2.978867736553957868e-01
3.615926158365415644e-01
4.293667512024156863e-01
5.004733118525264146e-01
5.741320703282501992e-01
6.495250490346786698e-01
7.258035345636753011e-01
8.020954689303072538e-01
8.775131741260463469e-01
9.511613781414659519e-01
1.022145505570851709e+00
1.089580198226349550e+00
1.152598032916418713e+00
1.210358405660655112e+00
1.262056554561327593e+00
1.306932697119289610e+00
1.344281262094749296e+00
1.373460200846419843e+00
1.393900368904170461e+00
1.405114974400468730e+00
1.406709096355296396e+00
1.398389281380947757e+00
1.379973231084616003e+00
1.351399590917365501e+00
1.312737838945698954e+00
1.264198239092502174e+00
1.206141745052559999e+00
1.139089580620952447e+00
1.063731912685836223e+00
9.809344884356904215e-01
8.917413009817196645e-01
7.973706165724294692e-01
6.992025008129012509e-01
5.987616413336485088e-01
4.977128979288195643e-01
3.979034064043002750e-01
3.014864191757661294e-01
2.111382071253909698e-01
1.303504396029103451e-01
6.377349077571381475e-02
1.760047069106334197e-02
3.132441840749540058e-22
1.906656570906219497e-02
7.484527735868999609e-02
1.657557197107145941e-01
2.909636162448507313e-01
4.503686014746732802e-01
6.445377492163659738e-01
8.745641997691497860e-01
1.141856100593952261e+00
1.447902382709380875e+00
1.794083887288777435e+00
2.181570927651684144e+00
2.611296519091772073e+00
3.083967831586954755e+00
3.600085588121454627e+00
4.159958263449313520e+00
4.763708935458138782e+00
5.411276546395675346e+00
6.102413777710315124e+00
6.836683197936948453e+00
7.613452754143926526e+00
8.431891266030104859e+00
9.290964320546581945e+00
1.018943081739443635e+01
1.112584032519917443e+01
1.209853135885950692e+01
1.310563065726202758e+01
1.414505351981565617e+01
1.521450524801339554e+01
1.631148372661746748e+01
1.743328317164284513e+01
1.857699906386777755e+01
1.973953427970545249e+01
2.091760642404256032e+01
2.210775636249191223e+01
2.330635794325726096e+01
2.450962889156893354e+01
2.571364285214286838e+01
2.691434254854689101e+01
2.810755401876128801e+01
2.928900188291911633e+01
3.045432558823138791e+01
3.159909657157778184e+01
3.271883627339477130e+01
3.380903493015548378e+01
3.486517106725781190e+01
3.588273160913686155e+01
3.685723251865725558e+01
3.778423987593913580e+01
3.865939129711065902e+01
3.947841760435449032e+01
4.023716463852507275e+01
4.093161512593054852e+01
4.155791048899182272e+01
4.211237251351005995e+01
4.259152476639731333e+01
4.299211367990756827e+01
4.331112920508008557e+01
4.354582495411427345e+01
4.369373775081690781e+01
4.375270651651696596e+01
4.372089042609578513e+01
4.359678627697815756e+01
4.337924502302286811e+01
4.306748743563142767e+01
4.266111886489736094e+01
4.216014308578429848e+01
4.156497522694904490e+01
4.087645379389569200e+01
4.009585181266246678e+01
3.922488713610422195e+01
3.826573197257901171e+01
3.722102171449042629e+01
3.609386316439208997e+01
3.488784227601922083e+01
3.360703155245366247e+01
3.225599726133854261e+01
3.083980665298814827e+01
2.936403538348723430e+01
2.783477535370941780e+01
2.625864317264585779e+01
2.464278940560358322e+01
2.299490866419383650e+01
2.132325035178159212e+01
1.963662939547955233e+01
1.794443534980684163e+01
1.625663648392419347e+01
1.458377229306562128e+01
1.293692271325025445e+01
1.132763555309615278e+01
9.767790053030440234e+00
8.269390195534134236e+00
6.844347922763453163e+00
5.504451622345458262e+00
4.261841443695643328e+00
3.130247882939747317e+00
2.126948025976440615e+00
1.275121163129110169e+00
6.062910337473287337e-01
1.627438774676017719e-01
3.850648713565812371e-22
1.671421625214166429e-01
6.395063935210496542e-01
1.381337003456204471e+00
2.366424253333264893e+00
3.576894429864490910e+00
5.001744472219811222e+00
6.635005527865737385e+00
8.473631300596567328e+00
1.051548984121532904e+01
1.275792986517531169e+01
1.519712443309443373e+01
1.782800880519926423e+01
2.064448004976264173e+01
2.363962450647036562e+01
2.680588490529872558e+01
3.013516148491298097e+01
3.361886647414710438e+01
3.724795122472561815e+01
4.101291930612449477e+01
4.490383359110775530e+01
4.891032186277366378e+01
5.302158342193567364e+01
5.722639799861582333e+01
6.151313763439293325e+01
6.586978184271573866e+01
7.028393615628861824e+01
7.474285405999906118e+01
7.923346224172179575e+01
8.374238905352410711e+01
8.825599605634394607e+01
9.276041248753718094e+01
9.724157249848431661e+01
1.016852549766575891e+02
1.060771257664322036e+02
1.104027820909459336e+02
1.146477989632145835e+02
1.187977773681496245e+02
1.228383939873970832e+02
1.267554522291222270e+02
1.305349343181448489e+02
1.341630541949154178e+02
1.376263109662491786e+02
1.409115426462171570e+02
1.440059799265479512e+02
1.468972997043666169e+02
1.495736781136857587e+02
1.520238427915352588e+02
1.542371241253121923e+02
1.562035052306411842e+02
1.579136704174217414e+02
