3.999999999999967581e+00
3.979975000156068976e+00
3.959900002523172091e+00
3.939775012844376700e+00
3.919600040811904496e+00
3.899375100143836814e+00
3.879100208713973430e+00
3.858775388639168913e+00
3.838400666388719351e+00
3.817976072893147332e+00
3.797501643655354808e+00
3.776977418864162939e+00
3.756403443510655027e+00
3.735779767507633409e+00
3.715106445809722935e+00
3.694383538538500211e+00
3.673611111110107963e+00
3.652789234365256377e+00
3.631917984702397462e+00
3.610997444214055108e+00
3.590027700830953794e+00
3.569008848448448568e+00
3.547940987094246879e+00
3.526824223064810138e+00
3.505658669080900403e+00
3.484444444444197320e+00
3.463181675197547271e+00
3.441870494288567173e+00
3.420511041737888114e+00
3.399103464810259378e+00
3.377647918187888010e+00
3.356144564154578180e+00
3.334593572777690973e+00
3.312995122094866129e+00
3.291349398308549112e+00
3.269656595982693315e+00
3.247916918244695417e+00
3.226130576992353838e+00
3.204297793105131742e+00
3.182418796661874438e+00
3.160493827159094771e+00
3.138523133742273874e+00
3.116506975436591720e+00
3.094445621385156553e+00
3.072339351091619708e+00
3.050188454670112570e+00
3.027993233105325199e+00
3.005753998506085711e+00
2.983471074379193677e+00
2.961144795902181048e+00
2.938775510203592400e+00
2.916363576653256295e+00
2.893909367155107493e+00
2.871413266449940771e+00
2.848875672424626693e+00
2.826296996429169983e+00
2.803677663599130288e+00
2.781018113200381059e+00
2.758318798946447270e+00
2.735580189367365467e+00
2.712802768163560696e+00
2.689987034571540203e+00
2.667133503728798427e+00
2.644242707076650767e+00
2.621315192743683298e+00
2.598351525951704932e+00
2.575352289432315533e+00
2.552318083849042019e+00
2.529249528232875743e+00
2.506147260428501333e+00
2.483011937557284110e+00
2.459844236472226608e+00
2.436644854253326553e+00
2.413414508692506733e+00
2.390153938800472666e+00
2.366863905324759987e+00
2.343545191281183104e+00
2.320198602497283158e+00
2.296824968171918613e+00
2.273425141447782849e+00
2.249999999998386624e+00
2.226550446634660840e+00
2.203077409912454598e+00
2.179581844778710753e+00
2.156064733215171891e+00
2.132527084907200443e+00
2.108969937928319993e+00
2.085394359440085221e+00
2.061801446416279937e+00
2.038192326381975672e+00
2.014568158168441148e+00
1.990962042165586920e+00
1.967688547043497937e+00
1.944814037175079502e+00
1.922322073491675276e+00
1.900196954445480646e+00
1.878423672636170050e+00
1.856987874317501008e+00
1.835875821586760770e+00
1.815074357038564346e+00
1.794570870703736887e+00
1.774353269075724215e+00
1.754409946108009377e+00
1.734729755995455536e+00
1.715301987630974301e+00
1.696116340608132766e+00
1.677162902653571930e+00
1.658432128392441252e+00
1.639914819346246722e+00
1.621602105074509081e+00
1.603485425381258933e+00
1.585556513511434229e+00
1.567807380263482875e+00
1.550230298957127939e+00
1.532817791194833301e+00
1.515562613361372657e+00
1.498457743809695542e+00
1.481496370684730390e+00
1.464671880340087551e+00
1.447977846305525507e+00
1.431408018765795376e+00
1.414956314513885705e+00
1.398616807343975976e+00
1.382383718851412091e+00
1.366251409608864709e+00
1.350214370689492460e+00
1.334267215509499671e+00
1.318404671963665065e+00
1.302621574828880968e+00
1.286912858411342953e+00
1.271273549414575266e+00
1.255698760005663273e+00
1.240183681058389942e+00
1.224723575551582622e+00
1.209313772102289741e+00
1.193949658613269627e+00
1.178626676014011831e+00
1.163340312079485406e+00
1.148086095293487041e+00
1.132859588756413682e+00
1.117656384097460043e+00
1.102472095380712336e+00
1.087302352979129472e+00
1.072142797394520786e+00
1.056989073002784885e+00
1.041836821690430792e+00
1.026681676365961859e+00
1.011519254313176353e+00
9.963451503523566011e-01
9.811549297847319551e-01
9.659441210776484876e-01
9.507082082552933411e-01
9.354426229521929370e-01
9.201427360776989195e-01
9.048038490562115843e-01
8.894211845629027557e-01
8.739898767093710052e-01
8.585049606006889267e-01
8.429613611862868394e-01
8.273538813121145141e-01
8.116771888759821696e-01
7.959258029673659252e-01
7.800940788611675503e-01
7.641761917140812432e-01
7.481661187899294463e-01
7.320576200137118850e-01
7.158442166220364555e-01
6.995191676396859126e-01
6.830754438661926775e-01
6.665056990013144000e-01
6.498022374708533055e-01
6.329569784330378868e-01
6.159614153448226270e-01
5.988065703436264986e-01
5.814829425456878864e-01
5.639804491686076782e-01
5.462883581414808010e-01
5.283952105546042555e-01
5.102887309005565974e-01
4.919557225388901944e-01
4.733819451347646701e-01
4.545519699167189787e-01
4.354490073816765783e-01
4.160547004153840045e-01
3.963488735025120224e-01
3.763092254562587780e-01
3.559109484772706722e-01
3.351262495242519623e-01
3.139237397967747367e-01
2.922676423832469839e-01
2.701167431049892320e-01
2.474229683136171809e-01
2.241294024103188398e-01
2.001674293421665252e-01
1.754524349519011039e-01
1.498769925526272084e-01
1.232992718448440023e-01
9.552130137522119036e-02
6.624174916084187015e-02
3.492339530698403138e-02
-5.287144287990373076e-15
