2.090962407898263375e+00
1.038161582510609193e+00
3.447910522274622469e+00
4.875939858846638497e-01
1.476789182713267312e+00
3.284226172776234964e+00
2.637647823268893355e+00
2.675446428817683575e+00
1.428928596853216826e+00
2.611774668006871192e+00
8.288003038892070018e-01
3.140268442887118039e-01
1.331019358682887344e+00
1.819943717170210418e+00
5.193331205840306941e-01
2.585544140416320857e+00
1.547483891840768733e+00
2.715078201077665287e+00
3.498471143574717335e+00
5.856915177209698342e-01
2.523121312327387233e+00
7.147179688001178421e-01
4.403139678140330360e-01
3.504840837424067490e-01
4.216371328063800439e-01
3.371678866190049639e+00
2.727574774241523059e+00
1.809035923123062162e+00
1.398605642484005429e+00
2.002796786944120111e+00
1.276215099123050090e+00
2.953403025229005330e+00
1.442943498667859314e+00
7.789806151833601477e-01
2.718650968876036522e+00
2.068922911204378767e+00
3.733874023964054878e+00
5.762942847684393577e-01
1.392122675367183815e+00
2.921317557307457680e+00
3.168307773971991370e+00
2.179299289886314828e+00
1.760823522745073255e+00
2.018668518400444256e+00
2.301701135579017787e+00
2.153446347253718418e+00
1.632904972274031863e+00
1.726703491308647642e+00
1.276725765281714775e+00
3.403469318999594151e+00
1.648527484333643933e+00
1.300802045904966064e+00
1.098240591188592852e+00
1.514271252696418602e+00
1.253132081108728757e+00
3.062031720155669934e+00
1.748912695904852210e+00
2.899333633570147839e+00
7.222085601457874926e-01
1.179363299041781055e+00
1.964221996661081659e+00
1.989404991250761423e+00
1.795545113728586273e+00
3.675667412216556684e+00
3.438407835663385814e+00
3.074397580677223463e+00
2.807501651001446774e+00
1.944401535529708180e+00
2.083504066705317737e+00
2.768758903899355861e+00
1.962946538301479915e+00
1.450266039433571574e+00
1.008861553135920408e+00
3.360961002637853134e+00
2.847731476368803971e+00
7.863861194633566809e-01
2.871773574509351334e+00
1.656921199857979810e+00
2.873615638292599694e+00
1.863890621225685607e+00
3.466907292751333358e+00
1.462378424759578355e+00
2.320026546009210655e+00
9.749301999186041900e-01
2.492271419503243879e-01
8.931999203447827940e-01
2.441865379971425387e+00
2.203736134689173287e+00
1.037528646676211919e+00
7.983079381921440731e-01
2.904587900603534223e+00
4.862084116042065807e-01
7.532559147814089640e-01
3.522307844931036325e+00
1.869425282326997895e+00
1.586463538189006650e+00
3.111976231835579476e+00
1.863731695979343073e+00
1.199210445006121395e+00
2.534334792906340894e+00
2.074438669089733622e+00
3.776410668470950860e+00
1.065368012426695099e+00
3.745880896434325980e+00
3.025869890964287823e+00
1.076526581873870736e+00
2.630925263487943422e+00
1.289665152438288498e+00
1.265037417553755761e+00
2.582157254303246052e+00
2.193988020304735442e-01
2.418345038455925078e+00
3.003607920488323035e+00
2.788283491196810182e+00
8.182754602437550817e-01
3.649569262301186168e+00
2.407100601749593949e+00
1.905377456733157393e+00
8.753204497813977802e-01
1.725763712451894083e+00
2.644003182647941763e+00
3.230495316529117034e+00
3.563209983721580265e+00
2.950019324058403392e+00
1.811985066338642314e+00
3.620958489787225787e+00
2.233602335197738320e+00
1.591747706669069062e+00
3.986149398639952768e+00
6.495442723373310301e-01
1.115451951789661500e+00
2.696502795833489730e-01
1.925363141097036213e+00
1.302727263931994672e+00
2.506090552994125975e+00
2.653078150831335691e+00
1.454026113105515217e+00
3.690915820448781748e+00
2.502690230264965621e+00
2.520613945431065428e+00
4.404816313848207154e-01
2.455248738756700355e+00
1.730255190697276291e+00
3.138908460928821142e+00
7.193693675353207695e-01
8.282828990227516508e-01
9.684430390577464243e-01
3.496887246130610638e+00
2.259756669664873652e+00
2.229841170668837247e+00
2.093575966983169501e+00
3.544489624790520654e+00
8.231715570596473963e-01
3.060900929064731546e+00
1.555579078883091437e+00
3.218790971624154729e+00
9.744470760966593703e-01
1.968900994578746566e+00
1.383017524812557353e+00
2.003059846269303002e+00
8.843878130093756340e-01
1.219557827747068446e+00
1.967227288837217092e+00
1.995923094161216271e+00
1.611100816573267647e+00
1.919393211507231189e+00
2.166433137998428737e+00
3.309636735390983908e+00
2.068279413381657772e+00
1.378277530050257660e+00
2.878827924361595514e+00
5.126712085909311822e-01
2.469302160060621976e+00
1.405279502510188738e+00
1.058379150479545006e+00
8.459740285359981238e-01
6.463975329742335241e-01
2.973508735623656918e+00
8.077228646927354649e-01
1.388609352774454742e+00
1.035394073050133423e+00
1.372756750591249686e+00
1.855444386405003865e+00
3.150804612704387608e+00
3.771382325451198558e-01
3.372821988857015452e-01
1.317667170168807855e+00
3.580581599500574530e+00
1.046506087289190035e+00
1.164444720549600243e+00
3.718685125942500225e+00
9.218008361466601963e-01
2.777266298410925760e+00
2.180707867939942979e+00
2.293568624658606669e+00
1.960916945009630208e+00
2.086227093009035194e+00
1.002079492571941843e+00
2.447473218261786432e+00
2.023140692970345267e+00
3.122198066862833965e+00
2.761128050396732370e+00
2.852739548429881200e+00
2.145853571927156089e+00
2.687783347696527603e+00
3.146839806871504663e+00
1.553931142245219554e+00
1.215057932612265912e+00
2.125731393304453043e-01
8.683837290807824294e-01
3.638933128701165032e-01
3.481648866187612601e+00
2.447025280393040347e+00
3.195543008087179171e+00
1.601041218968995761e+00
1.861258717185898082e+00
1.361030145779171807e+00
1.786896296744353796e+00
6.166164625161458801e-01
2.243836456387774625e+00
2.928443538351145126e+00
2.333769801544634870e+00
6.246214236440287282e-01
2.803772988808599820e+00
3.355022355620154162e+00
2.879143726952183791e+00
2.075733221316511390e+00
2.540236414701292578e+00
2.607177843137458595e+00
1.948442203710553544e+00
4.580869345330421116e-01
2.083357001041414414e+00
9.935006732559199527e-01
2.751169914094982794e+00
6.215934814622288140e-01
3.021818191949287691e+00
3.843110247412453884e+00
2.156093621885404765e+00
3.151426787163088328e+00
1.534925395953268934e+00
2.528352447345800780e+00
2.734591494591506411e+00
1.970101563009115431e+00
3.389757933467214990e+00
1.759895596321082945e+00
1.351895466106034505e+00
2.199396914927923774e+00
1.862577372020372879e+00
9.859120001523621335e-01
7.795775115314032000e-01
6.862796491651728115e-01
1.401914141246825452e+00
1.489110488418762479e+00
2.555439568873769218e+00
2.444560082732422313e+00
9.885674520543054067e-01
3.407257522436865305e+00
1.137672740211951306e+00
2.715929140752145976e+00
1.584466540068901752e+00
1.861535280038605800e+00
3.604834515226609692e+00
2.147470324156930843e+00
9.309307686085763756e-01
2.203179432233547175e+00
6.884776704725045215e-01
1.067134214229738864e+00
3.364475469105030925e+00
3.588096313705467555e+00
2.445787499271601106e+00
1.099511760371467251e+00
1.661785566519804469e+00
1.180206548683285117e+00
2.287931501344782070e+00
2.544761312258642327e+00
2.020463981235066875e+00
2.998860293761472562e+00
1.331708646545100905e+00
3.163792285857639275e+00
2.758127577921757556e+00
1.501994865288941883e+00
1.203321144956960076e+00
1.431992287151856447e+00
1.965827332040211983e+00
4.780149469402986684e-01
2.655740049644669476e+00
6.518679400053348783e-01
1.766934331605501285e+00
1.848069550074486367e+00
2.521424145266437211e+00
5.864340365070975780e-01
2.911690079783208596e+00
1.606729674486691239e+00
1.459441154788631900e+00
2.281737022961766392e+00
3.659544758395993913e+00
2.524300436753287968e+00
1.353037166085431675e+00
8.444997318041841394e-01
2.592060032659611490e+00
1.445984127760885585e+00
7.588026129345304405e-01
1.463722035222413398e+00
1.309209812045449395e+00
1.145760000395134481e+00
2.600012581567415104e+00
1.211480084914005273e+00
1.138084513279736143e+00
2.116295274493865453e+00
1.220125189723555437e-01
3.299317721610929954e+00
2.294031390599637454e+00
1.325585611046854018e+00
1.371119083084227919e+00
3.352659749032287362e+00
2.874801100879172289e+00
2.910013883363363529e+00
1.865920160532174021e+00
1.723876470497625268e+00
3.284109507163107011e+00
1.763644966756364951e+00
2.435199575047817699e+00
2.123849269336113288e+00
1.189662853022320776e+00
1.922306576403402190e+00
1.315147065150635841e+00
2.647821989957668709e+00
6.815449911483123513e-01
2.622848362274238454e+00
1.197591290058365843e+00
5.708620176319489925e-01
3.952019638758923481e-01
1.185512457506282979e+00
3.573348181771777710e-01
9.249373429914170552e-01
3.777344411738048358e-01
1.012636235258516537e+00
2.032548935969973769e+00
1.506302821422077720e+00
8.899561145271491780e-01
2.846000839022488904e+00
1.876393167512039994e+00
1.828562328167290918e+00
6.791555281616236117e-01
2.295515526897964342e+00
3.257228782098926079e+00
3.781851345259132025e+00
1.250239090964298638e+00
1.995378952330900679e+00
2.078731515334590441e+00
1.648898652248720786e+00
8.075069968683531441e-01
2.513565819787389355e+00
1.794137325130662930e+00
1.058701295313746682e+00
3.171657601670943905e+00
6.590874903699434073e-01
3.388928537503243632e+00
9.156558562807753932e-01
2.705829731081701883e+00
2.471406280256027710e+00
5.648688430328210330e-01
1.203020485218525115e+00
3.227487532222804933e+00
3.050381631012212935e+00
3.810255623965701499e+00
2.755449878475471071e+00
7.385373019693051155e-01
2.129084137085223372e+00
1.135553269215384908e+00
2.545155631857991096e+00
6.290174672977987269e-01
2.838775823499861239e+00
1.405194662105280434e+00
3.323849700366431126e+00
2.654163788333885776e+00
2.247985090818894971e+00
1.410921754959661101e+00
3.890475456161799350e+00
1.256582830498957026e+00
1.009764372490366435e+00
2.780884795960825606e+00
1.386244029451883852e+00
6.463019895901170875e-01
1.079817559113365633e+00
1.664908732240795386e+00
5.751521080246291273e-01
2.246936801235092318e+00
3.088205856070730615e+00
7.898527115747504546e-01
1.703524420745484047e+00
2.934205422432323740e+00
1.326422658841509117e+00
2.038023702039776008e+00
3.179277866805462760e-01
2.052913636213362203e+00
9.508990925533417071e-01
2.896526224709630171e-01
1.196742358717931332e+00
3.053422553864868938e+00
1.288826181279971950e+00
2.886718992323177968e+00
3.283079766799180454e+00
8.284885835454290914e-01
1.994518563949427170e+00
1.801305552954323819e+00
3.430325632764435362e+00
3.668990362074327383e+00
2.003983568533531656e+00
2.138274833409669284e+00
3.145220494727755334e+00
2.020802871803978107e+00
1.179639573103325345e+00
2.403492944001184295e+00
1.045741420804396693e+00
3.516361697659654784e+00
3.504527795771383403e+00
3.190106885187468322e+00
1.617396959904415121e+00
1.096369112886605102e+00
8.008753943008624088e-01
2.110547421769219056e+00
2.558363331633810134e+00
3.315779612542055332e+00
4.220733170382726107e-01
5.576999032647207422e-01
7.593576507502958206e-01
8.644561031714057542e-01
2.905934508132019811e+00
1.898847068064698274e+00
1.244904906871747485e+00
2.942284388064670519e+00
3.229580133065753422e+00
2.892523529175779373e+00
2.594378802433038089e+00
1.462986280578836729e+00
3.257911094746383629e+00
3.857814872132442119e+00
1.258273821532280179e+00
2.837005151990487750e+00
1.414945045119312628e+00
1.462222007160404624e+00
2.592829032496105857e+00
2.029901406329948088e+00
1.975399949945349842e+00
3.047813185786068413e+00
1.111153009050948937e+00
3.117904335816161332e+00
1.406961638653710045e+00
2.099732925436529563e+00
1.612387491117555749e+00
1.123239129140833459e+00
5.269258287086000525e-01
2.772334021450618913e+00
2.813718129957392122e+00
2.954128552138776787e+00
3.169768294958820398e+00
3.342451255426433843e+00
1.884453941787797238e+00
7.247372352085259539e-01
9.009152400469684352e-01
1.898568417812738440e+00
8.250080971322801826e-01
1.351725132227629578e+00
1.113724289251866617e+00
5.945588479941408266e-01
2.694142862986613540e+00
2.331533265177835990e+00
2.768812777139349368e+00
2.856168255053877836e+00
2.030121556828224705e+00
3.890054694335701946e+00
1.901844306750514857e+00
1.521305881890396172e+00
1.049012711095699935e+00
2.333779229826450141e+00
3.406867280616616700e-01
8.146747164789969187e-01
2.028330365046097317e+00
8.119580697968293848e-01
2.949098100427101521e+00
3.051786310198975283e+00
2.092660791055207081e+00
1.859941149251558956e+00
2.613043235751929760e+00
1.995432260930757096e+00
1.734782394582239595e+00
6.422937065427416492e-01
2.877047584129841074e+00
8.466904091074001215e-01
1.512750897286465612e-01
8.846896574097330435e-01
1.715059394546296856e+00
1.712619381572416888e+00
1.239703620779938564e+00
1.732499796223802235e+00
3.173124339245663172e+00
2.713467019689929316e+00
3.461860459863563388e+00
2.856099199843470160e+00
1.913156143600617920e+00
4.329497501565369166e-01
1.636786787865867288e+00
2.711044061054552756e+00
2.523216444768565658e+00
1.257853571273900739e+00
2.122419073847854776e+00
1.576818988646370601e+00
2.517689201329647908e+00
2.860271699880650331e+00
2.707535139261524115e+00
2.368028663092394570e+00
1.131787746664498329e+00
1.842218315691768415e+00
2.111934482694028503e+00
1.294861704581924178e+00
2.786562258420857585e+00
2.446276199373775828e+00
2.964396052370483758e+00
7.869538986964109695e-01
2.369563477226743320e+00
1.496164170722622089e+00
8.130091733196297410e-01
1.899430938071285935e+00
6.739184312665726928e-01
1.238912992541151059e+00
2.079127236106664167e+00
1.008639955354448281e+00
3.209847236224601552e+00
2.720406381062920875e+00
3.290923072912846248e+00
5.415305149599525247e-01
2.633434937132136167e+00
1.099952678211941759e+00
2.602206595084544993e+00
2.501843486008272777e+00
2.437957983556840791e+00
9.572780444143017542e-01
2.257784122276044858e+00
6.712159893611514550e-01
5.656612559389568862e-01
1.843947523526061616e-01
1.522774553278578136e+00
2.520340872465127724e+00
1.378463670187016543e+00
1.752268105340752280e+00
4.052986974908968087e-01
3.004082182025084258e+00
2.737730642380076240e+00
1.136513004926641202e+00
3.112499995875494196e+00
2.148006124412977336e+00
5.669269749329570729e-01
1.165328291535975724e+00
1.513566502020792459e+00
8.757985339043651285e-01
3.184057383053790491e-01
9.797411388236848540e-01
2.270094915871913699e+00
1.623958952846723980e+00
1.698769003300759417e+00
3.725240503221252997e+00
2.772459506222628156e-01
1.134865188003799652e+00
2.962899306482105755e-01
1.361627236875950331e+00
3.671021551210508882e+00
1.759798317114258159e+00
3.784944158393012348e+00
2.032318674419976379e+00
2.221512391361744498e+00
3.430582513834431246e+00
1.775114600974142309e+00
2.005815605806727575e+00
3.428945350309489548e+00
4.692369331204386262e-01
2.203531407718509971e+00
1.778993380100361898e+00
1.780481959033280104e+00
3.011106498506175733e+00
1.029527442467702780e+00
5.069163540719312522e-01
1.750814454848975465e+00
1.137444060811972912e+00
3.776500989064585756e+00
2.573513492128576718e+00
3.757358349881241733e+00
2.464774173070799268e+00
2.649623945887755738e-01
1.381990858235550679e+00
2.731686869433483267e+00
2.469780817026288933e+00
2.056880032714408113e+00
2.085035801916028220e+00
1.066080749488332202e+00
1.511487081759485429e+00
3.527783199918883117e+00
2.266152659416598603e+00
7.440790572148836546e-01
2.443967065032124353e+00
1.351573972100725607e+00
2.461813258310754371e+00
2.680386933697107565e+00
6.635685887787605708e-01
3.205276711536680256e+00
2.806079140011234152e+00
3.594710701440157585e+00
2.748952163160891082e+00
3.303371277915136961e+00
2.564754384858644265e+00
1.428370239555141863e+00
2.895496735979416592e+00
4.276433426754756573e-01
2.704793757920273212e+00
1.794901770372058891e+00
1.038805866907547282e+00
2.547092394898603285e+00
2.846143610850436989e+00
2.091216950046089540e+00
3.544402933648594711e+00
7.645474656678112879e-01
1.334069518001795851e+00
2.840578006312681314e+00
1.594215127930131981e+00
1.718212528203108214e+00
1.181472878290310113e+00
2.634079425394471929e+00
3.936663104522542866e+00
7.872644849596074357e-01
2.418483815000792791e+00
2.668698744943270640e+00
3.715608269059356150e+00
1.316252033888380302e+00
2.422136401077443768e+00
3.625902203488408748e+00
1.035239567751189638e+00
2.884633235084549163e+00
3.320993531472474114e+00
1.060634741975502227e+00
2.798509190869025165e+00
1.757895660331233234e+00
1.945732854340679108e+00
1.222889251897194107e+00
1.865994291676985606e+00
1.238198250199189498e+00
2.074262030592463280e+00
1.083033116745652169e+00
8.957566127813656465e-01
2.072810085131710611e+00
3.390192952104866819e+00
1.397431287930135380e+00
1.711497088909519793e+00
3.075085220056339885e+00
8.292377712345480045e-01
1.563037125747527734e+00
8.182171537607776379e-01
3.073183768492550705e+00
7.513925371241071405e-01
2.180148242506322054e-01
9.712259616580074528e-01
2.132924818842656833e+00
1.362514585819633028e+00
2.460566635962923687e+00
1.850608503131154103e+00
2.843871233092597262e+00
8.760664244858622496e-01
3.713347528727812374e+00
3.444950470750356430e+00
1.045328629889695549e+00
8.192618272080014474e-01
1.117467039286481834e+00
1.731957450713329738e+00
8.578250345891155204e-01
3.162059066872114244e+00
2.431844374901329875e+00
8.619004880154399473e-01
8.198201556544351121e-01
7.463395731510361619e-01
1.946571930971409792e+00
1.653743730397193579e+00
1.106272794498811551e+00
1.700097197473219302e+00
3.620479195209822088e+00
1.013421196065933838e+00
1.589939636664759792e+00
2.240372638146433282e+00
1.144531722656727535e+00
1.024928140829604262e+00
1.007286977641933534e+00
3.557907423895751098e+00
2.974927762020683986e+00
1.928924996519401525e+00
2.762622986726900542e+00
2.718162456798423054e-01
2.986218842673956431e+00
2.525589235453572723e+00
4.841529366638362974e-01
3.116160319325112837e+00
1.995503416420670639e+00
1.337373525996515600e+00
2.222004949296293663e+00
1.384978860849575000e+00
6.280873228831822530e-01
2.209456898539775338e+00
1.926949234601803784e+00
1.208279440855190678e+00
1.286336722895886853e+00
1.354113630164764714e+00
9.056259858126450846e-01
1.280318228392844926e-01
9.969013146995737706e-01
7.394887485772538849e-01
1.171140682905746910e+00
3.521725416625823168e+00
7.075600027874314746e-01
1.260142631862866569e+00
1.970758284459788401e+00
1.170223864526453550e+00
3.145800023400401990e+00
2.543468674642676230e+00
2.485472944625709779e+00
1.591100713733994754e+00
5.098906686155327828e-01
2.569000948718310084e+00
2.958359091505880389e+00
2.689247187124632177e+00
1.816045090409434515e+00
2.659116769116515400e+00
3.601750221024867304e+00
1.476232285460665761e+00
1.553655417651328197e+00
3.482647723991126654e+00
1.674372650589088574e+00
2.266145981964883038e+00
2.440760032206280794e+00
1.648102809963687410e+00
2.451195570426527581e+00
4.138415289694387655e-01
1.353369749545367151e+00
2.537179084691947750e+00
6.556047736691409389e-01
2.115466312565794649e+00
2.582967769686735249e+00
6.278307326473875349e-01
2.404015155166414175e+00
2.011977135634435143e+00
1.689680627003353086e+00
3.460206098678838549e-01
1.554649380301320161e+00
2.071045957573469209e+00
2.086608226083598083e+00
1.722304780679303704e+00
1.262634516088257941e+00
2.355899953877369057e+00
7.043866776083049785e-01
9.614799539261673633e-01
3.409047317742823768e+00
2.167968076314770620e+00
2.572895761563152917e+00
2.921303516261747557e+00
2.251663182477638969e+00
1.645558403636957268e+00
2.218054283561471607e+00
1.718066102266815331e+00
2.970315016656452034e+00
2.297416179890642951e+00
4.103161999021548989e-01
2.003431661872606906e+00
3.712750137315827814e+00
2.095677610963771809e+00
2.423665554063563654e+00
2.015431943114585955e+00
1.054875025836591984e+00
1.195398267516736057e+00
1.037082969266453603e+00
2.392324190323723787e+00
8.969841473928403808e-01
3.334581007820571763e+00
1.960552072885290542e+00
3.346397681731207996e+00
1.035429080726002704e+00
2.437937109181619544e+00
1.722511692809329364e+00
1.651644501691399203e+00
2.316933795867419654e+00
2.266114808490916843e+00
2.490578445632439131e+00
2.897372500086283775e+00
1.357031963950166897e+00
3.342133275268619474e-01
7.824996357015946424e-01
3.376684660721779530e+00
8.868322850055377904e-01
9.137380138715737177e-01
1.688413700395809736e+00
2.091250942611187380e+00
1.187265905859006487e+00
1.118669496553758913e+00
1.138497600499202678e+00
3.536636995371685632e+00
3.575383996148718602e+00
2.038707209449438729e+00
1.611287582409062447e+00
2.241342789223755627e+00
2.069935416971812270e+00
4.786005862227047380e-01
2.596491896357048468e+00
1.649321603084984433e+00
2.298527657118611955e+00
2.196157390633113771e+00
2.360419371033151137e+00
3.376717353069848215e+00
1.308320860271833030e+00
1.019827089516385232e+00
1.347720214915436809e+00
1.976000282779037498e+00
1.399485265895651365e+00
1.846109514518595729e+00
2.495966842088057192e+00
2.541076551202728684e+00
1.712570461424495205e+00
3.417083578913298503e+00
1.915340735304243980e+00
2.278600585303403481e+00
2.016609001302270165e+00
2.091202771458530840e+00
2.931186636619967700e+00
3.258156969407357550e-01
7.191890586266985741e-01
3.439964374960003735e+00
2.659780967390839024e+00
3.032398411492662760e+00
1.925566318305525604e+00
2.479628903198790368e+00
3.197306709542076408e+00
1.654874161788455700e+00
2.133887597410876857e+00
2.267255883773200864e+00
2.811067043800068888e+00
2.713269039504264235e+00
2.550912437346345207e+00
2.589411214958129648e+00
2.687188598601589540e+00
2.848476086170283583e+00
2.151959801935689587e+00
3.651989610489301707e+00
1.269392493655518983e+00
2.118143493795782428e-01
1.615069958605383604e+00
3.324894772084004746e+00
3.479465033233416715e+00
2.612056912998290126e-01
3.729239515542539074e+00
1.287755502406926933e+00
1.681209316336667481e+00
1.398755885968952395e+00
2.671829169329910325e+00
2.514088946880631337e+00
3.161988713814777530e+00
2.299748198303602109e+00
1.269052652007499837e+00
1.373339341395419799e+00
2.889265860724955726e+00
3.572522681602002592e+00
9.497697483196119173e-01
3.538928102197186121e+00
2.291328439962369234e+00
2.907840292960448103e+00
1.899142749575348343e+00
1.042112545680923930e+00
3.389267163810480099e+00
2.294119372327110717e+00
6.952679089215744179e-01
3.167436835156687280e+00
2.585267760414769356e+00
9.608910181639581660e-01
1.993872363916376234e+00
1.204099726901609380e+00
2.430660609769256464e+00
2.792807142556120059e+00
8.683290354810129230e-01
1.030772559721511605e+00
7.135246896373901304e-01
9.582637812538236100e-01
2.504771909987622003e+00
5.158920951692622658e-01
3.498417648673630254e+00
3.478652013581214231e+00
2.389072641545226805e+00
1.507464166443606368e+00
2.011752082719629353e+00
2.808220253900707952e+00
7.238801546877225990e-01
1.038359944206340479e+00
1.636896727893820236e+00
3.427410486192749239e+00
2.151268918157592136e+00
2.587845687591597610e+00
1.418522747548041751e+00
1.527444718072729080e+00
2.881933642303377230e+00
8.810259163810613137e-01
2.380738372460114327e+00
2.232461955613154636e+00
2.571236411990015736e+00
1.836828211811131650e+00
2.917018613083062650e+00
3.040865736761553251e-01
2.820662041341730042e+00
7.847709490533733012e-01
1.443081398385679393e+00
1.797168429801039968e+00
2.275157292857009850e+00
7.758600999772266027e-01
1.168765311415511432e+00
3.395965262317142130e+00
2.076105245888373751e+00
2.285578921428160104e+00
2.817186972583949789e+00
2.595198110487108689e+00
2.576004306746367156e+00
1.211912304133319074e+00
2.244025641091023537e+00
3.094487985981225542e+00
2.323128098415639720e+00
3.155084954763374583e+00
1.537214311399690281e-01
1.119199048571744903e+00
1.417980138471349516e+00
1.603904914336439225e+00
8.820650066093784769e-01
2.333093053411165574e+00
3.894402506726955537e-01
1.366798945043786073e+00
5.313887942631846384e-01
2.395309921817141419e+00
3.091537185680431232e+00
1.889730153424229231e+00
5.468757786270949106e-01
2.839739785185733556e+00
1.710011521950260516e+00
2.566966315802304610e+00
2.345374231092498096e+00
3.205932285850110475e+00
2.200060105618804496e+00
2.197299035048914995e+00
3.518522605938466441e+00
1.485563139916233677e+00
1.281767381585559029e+00
1.550521363714734813e+00
3.811200044851214552e-01
2.424664256950119778e+00
3.322666958864798126e+00
8.628973544277013241e-01
2.156476041524390208e+00
1.629884569348286849e+00
3.220582949603056466e+00
2.058138792331768663e+00
1.591382440727014291e+00
2.179412533941202934e+00
2.672876035201536382e+00
2.754536317623610397e+00
2.202820401567121777e+00
2.738924419569953805e+00
2.500399770633904062e+00
2.034538595065005506e-01
1.926132085273372319e+00
3.066319758577656263e+00
1.578602449697936505e+00
1.271255344133449094e+00
3.698725299620141183e+00
1.365893063505238425e+00
3.978293999815562532e-01
3.543642013584295203e+00
2.679804217246348319e+00
7.791232106991916595e-01
1.757368365142246258e+00
1.285645997043076472e+00
1.589895257542227158e+00
1.355834997774603368e+00
1.114619648092952664e+00
3.897783898422452875e+00
8.415549423474517621e-01
2.708965651092793969e+00
1.913882502013284137e+00
7.750478398920428447e-01
2.829597373450409847e+00
3.140338817755630174e-01
2.968133273558766660e+00
1.291570393042897225e+00
2.145145402476153151e+00
1.310533463979955293e+00
1.898656608950428870e+00
2.516782804668558526e+00
1.602106606781026121e+00
1.553534125783669007e+00
2.176657408209827338e+00
1.195436481178073551e+00
2.338839758422881943e+00
1.542546506438088327e+00
