9.000000004098733797e+00
8.959174295264311638e+00
8.918363075879014445e+00
8.877565173616718042e+00
8.836779417787075985e+00
8.796004580266322037e+00
8.755239423579272540e+00
8.714482676531210004e+00
8.673733035106584666e+00
8.632989161655187260e+00
8.592249750444262091e+00
8.551513401857958385e+00
8.510778710912127565e+00
8.470044245033188091e+00
8.429308544806907832e+00
8.388570123151724900e+00
8.347827465274820113e+00
8.307079028643213903e+00
8.266323243365539142e+00
8.225558515484836519e+00
8.184783218007410710e+00
8.143995683716344303e+00
8.103194252301786804e+00
8.062377207428374604e+00
8.021542822798584993e+00
7.980689305030979064e+00
7.939814892190804052e+00
7.898917755033183496e+00
7.857996046642552912e+00
7.817047892335666326e+00
7.776071389884906537e+00
7.735064609466018481e+00
7.694025593694228782e+00
7.652952357546700668e+00
7.611842888542405205e+00
7.570695146847151946e+00
7.529507065838585866e+00
7.488276551762871769e+00
7.447001483398898891e+00
7.405679712427566841e+00
7.364309063039983450e+00
7.322887333209495253e+00
7.281412294111265560e+00
7.239881690359442956e+00
7.198293240863162801e+00
7.156644637585596769e+00
7.114933543177363262e+00
7.073157604095262840e+00
7.031314432124988301e+00
6.989401616678235563e+00
6.947416722122914834e+00
6.905357288138489480e+00
6.863220829867776374e+00
6.821004838520111413e+00
6.778706781634963541e+00
6.736324103539915953e+00
6.693854225843468342e+00
6.651294547908841892e+00
6.608642447570521661e+00
6.565895281673017614e+00
6.523050386702453629e+00
6.480105079569367987e+00
6.437056658418864430e+00
6.393902403523745726e+00
6.350639578209414715e+00
6.307265429917561228e+00
6.263777191404120259e+00
6.220172081685294785e+00
6.176447307599025827e+00
6.132600065187481242e+00
6.088627541162178858e+00
6.044526914498599801e+00
6.000295358887351327e+00
5.955930043836313637e+00
5.911428137327757959e+00
5.866786805352297129e+00
5.822003221014819374e+00
5.777074558398377135e+00
5.732025207387320798e+00
5.686906912306095130e+00
5.641721492138068506e+00
5.596469451844494181e+00
5.551151292902535062e+00
5.505767532111788931e+00
5.460318688316355029e+00
5.414805284768394955e+00
5.369227853203318190e+00
5.323586936171177619e+00
5.277883079432259095e+00
5.232116837856810143e+00
5.186288774398930101e+00
5.140399460342702120e+00
5.094449475519586379e+00
5.048439408816261853e+00
5.002369858404643210e+00
4.956241431841460710e+00
4.910054746516081536e+00
4.863810429911314515e+00
4.817509119895345471e+00
4.771151465167194239e+00
4.724738124655602611e+00
4.678269769632692920e+00
4.631747082134793914e+00
4.585170756251354618e+00
4.538541498167181665e+00
4.491860026435507969e+00
4.445127072287046843e+00
4.398343379849015022e+00
4.351509706484329776e+00
4.304626823067829733e+00
4.257695514404691295e+00
4.210716578838735735e+00
4.163690829367136637e+00
4.116619093464962020e+00
4.069502213370014942e+00
4.022341046299151124e+00
3.975136465311001288e+00
3.927889356751908423e+00
3.880600625236948265e+00
3.833271190435728837e+00
3.785901986083699100e+00
3.738493965087574367e+00
3.691048094423278858e+00
3.643565358159325474e+00
3.596046755987333476e+00
3.548493305183050950e+00
3.500906037767335999e+00
3.453286003454270503e+00
3.405634267534602966e+00
3.357951911165261816e+00
3.310240031394066307e+00
3.262499739934512810e+00
3.214732164713752116e+00
3.166938447277476421e+00
3.119119743218984109e+00
3.071277221314827610e+00
3.023412062717357074e+00
2.975525459940719930e+00
2.927618615740298136e+00
2.879692741823939084e+00
2.831749057181787599e+00
2.783788787234241724e+00
2.735813160675642397e+00
2.687823408225075372e+00
2.639820760023321888e+00
2.591806443021078099e+00
2.543781677963981469e+00
2.495747676198387666e+00
2.447705636754879510e+00
2.399656741406801963e+00
2.351602151237454308e+00
2.303543002064375234e+00
2.255480399844960182e+00
2.207415414913676432e+00
2.159349078154515489e+00
2.111282374331620915e+00
2.063216237167195377e+00
2.015151543854073690e+00
1.967089109731234631e+00
1.919029683262531094e+00
1.870973942470664175e+00
1.822922490350409541e+00
1.774875853134039394e+00
1.726834480545519357e+00
1.678798745889966249e+00
1.630768951256024613e+00
1.582745335059995373e+00
1.534728084255293945e+00
1.486717351930823883e+00
1.438713281697214796e+00
1.390716040638718454e+00
1.342754734794159743e+00
1.294921122233592126e+00
1.247226464560462489e+00
1.199675672345512201e+00
1.152273551886268788e+00
1.105024831039032929e+00
1.057934193562223069e+00
1.011006321613092451e+00
9.642459212749477926e-01
9.176576609501162496e-01
8.712465891240150917e-01
8.250219933652507276e-01
7.789809549710250414e-01
7.331197656451733380e-01
6.874373188839961735e-01
6.419345667422914348e-01
5.966134978334851624e-01
5.514754668554328054e-01
5.065187105039405946e-01
4.617349278875433893e-01
4.171048618034041144e-01
3.725928423612379081e-01
3.281401384103014296e-01
2.836565785591173006e-01
2.390090243032835238e-01
1.940033499883475898e-01
1.483517803224953802e-01
1.016023864396233267e-01
5.294071959186912729e-02
1.028305738353529527e-13
