8.999999999999984013e+00
8.952444008044642132e+00
8.904776376093408885e+00
8.856997633930848934e+00
8.809108330230886352e+00
8.761109032857035572e+00
8.713000329197235772e+00
8.664782826497095414e+00
8.616457152197606106e+00
8.568023954276270615e+00
8.519483901592469266e+00
8.470837684236537157e+00
8.422086013882745803e+00
8.373229624146240724e+00
8.324269270943704058e+00
8.275205732857937591e+00
8.226039811506181465e+00
8.176772331912271596e+00
8.127404142882479476e+00
8.077936117385119630e+00
8.028369152933780839e+00
7.978704171974246862e+00
7.928942122274911242e+00
7.879083977320855858e+00
7.829130736711272576e+00
7.779083426560410963e+00
7.728943099901824709e+00
7.678710837095944264e+00
7.628387746240765210e+00
7.577974963585886847e+00
7.527473653949392052e+00
7.476885011137729187e+00
7.426210258368511674e+00
7.375450648696046052e+00
7.324607465439460618e+00
7.273682022613490616e+00
7.222675665361530051e+00
7.171589770391054941e+00
7.120425746411173762e+00
7.069185034572099013e+00
7.017869108906591435e+00
6.966479476772957646e+00
6.915017679299653608e+00
6.863485291835546676e+00
6.811883924377315935e+00
6.760215222054705819e+00
6.708480865539039328e+00
6.656682571517161584e+00
6.604822093140560568e+00
6.552901220463833276e+00
6.500921780889174606e+00
6.448885639644326595e+00
6.396794700202821815e+00
6.344650904730639418e+00
6.292456234558060579e+00
6.240212710600674839e+00
6.187922393804477394e+00
6.135587385594122090e+00
6.083209828311288980e+00
6.030791905640684014e+00
5.978335843039887187e+00
5.925843908179413866e+00
5.873318411356421187e+00
5.820761705915857398e+00
5.768176188664194015e+00
5.715564300277814702e+00
5.662928525705321903e+00
5.610271394563579150e+00
5.557595481526732328e+00
5.504903406707828850e+00
5.452197836032471656e+00
5.399481481603892519e+00
5.346757102058941946e+00
5.294027502914333105e+00
5.241295536902595309e+00
5.188564104296998103e+00
5.135836153224916600e+00
5.083114679968821825e+00
5.030402729254332961e+00
4.977703394524500169e+00
4.925019818199633193e+00
4.872355191921926121e+00
4.819712756784016783e+00
4.767095803540784438e+00
4.714507672803446070e+00
4.661951755215167026e+00
4.609431491607329789e+00
4.556950373135385313e+00
4.504511941393703367e+00
4.452119788508080767e+00
4.399777557205277745e+00
4.347488940858354134e+00
4.295257683506900293e+00
4.243087579851155589e+00
4.190982475218778980e+00
4.138946265503485655e+00
4.086982897074072696e+00
4.035096366653036171e+00
3.983290721163413206e+00
3.931570057542848939e+00
3.879938522523392663e+00
3.828400312375122017e+00
3.776959672618973585e+00
3.725620897688896704e+00
3.674388330571321859e+00
3.623266362390086037e+00
3.572259431959139864e+00
3.521372025287897500e+00
3.470608675043379776e+00
3.419973959966576604e+00
3.369472504241792343e+00
3.319108976816778078e+00
3.268888090677458447e+00
3.218814602064287822e+00
3.168893309638813882e+00
3.119129053601599200e+00
3.069526714748169738e+00
3.020091213471078451e+00
2.970827508703115960e+00
2.921740596801550627e+00
2.872835510371789969e+00
2.824117317028419283e+00
2.775591118092841203e+00
2.727262047226299391e+00
2.679135268996868380e+00
2.631215977379230964e+00
2.583509394185798058e+00
2.536020767428136757e+00
2.488755369609729762e+00
2.441718495943445255e+00
2.394915462495313729e+00
2.348351604263633874e+00
2.302032273173260091e+00
2.255962836000462879e+00
2.210148672218903432e+00
2.164595171769875481e+00
2.119307732759591278e+00
2.074291759073681796e+00
2.029552657916794622e+00
1.985095837278303854e+00
1.940926703313370361e+00
1.897050657651706551e+00
1.853473094635926133e+00
1.810199398472050580e+00
1.767234940316311009e+00
1.724585075281929392e+00
1.682255139383427078e+00
1.640250446398554773e+00
1.598576284678610016e+00
1.557237913878977587e+00
1.516240561644426332e+00
1.475589420221892656e+00
1.435289643032995777e+00
1.395346341193643758e+00
1.355764579987312368e+00
1.316549375311963477e+00
1.277705690091462065e+00
1.239238430671574243e+00
1.201152443203794551e+00
1.163452510032000120e+00
1.126143346093364306e+00
1.089229595349362478e+00
1.052715827257797221e+00
1.016606533316477545e+00
9.809061236903996450e-01
9.456189239510734978e-01
9.107491719633399319e-01
8.763010149461424314e-01
8.422785067548946847e-01
8.086856054296341911e-01
7.755261710692191723e-01
7.428039640922431408e-01
7.105226439769952718e-01
6.786857685629674730e-01
6.472967940434964929e-01
6.163590757836944212e-01
5.858758701421000747e-01
5.558503375108809763e-01
5.262855468431393291e-01
4.971844820054623915e-01
4.685500503845392850e-01
4.403850942967886817e-01
4.126924059148369128e-01
3.854747466460041738e-01
3.587348722064129802e-01
3.324755650740960355e-01
3.066996766270508878e-01
2.814101821945667048e-01
2.566102536304438742e-01
2.323033561507866496e-01
2.084933795696764514e-01
1.851848196619741427e-01
1.623830350059096150e-01
1.400946220618935201e-01
1.183279847331185769e-01
9.709424418263233603e-02
7.640879422879047478e-02
5.629422641794309262e-02
3.678668743581612471e-02
1.795368803936580812e-02
3.848104942609881813e-19
