-5.293082939260922409e-15
1.771170456339864630e-03
7.084681825424411772e-03
1.594053410720517455e-02
2.833872730169961079e-02
4.427926140891246670e-02
6.376213642851792651e-02
8.678735236146867260e-02
1.133549092065236907e-01
1.434648069648860047e-01
1.771170456353723111e-01
2.143116252189471993e-01
2.550485457152423807e-01
2.993278071242112537e-01
3.471494094458710822e-01
3.985133526802233650e-01
4.534196368272878641e-01
5.118682618870663559e-01
5.738592278595568974e-01
6.393925347447628749e-01
7.084681825426811796e-01
7.810861712533099244e-01
8.572465008766574357e-01
9.369491714127117232e-01
1.020194182861477117e+00
1.106981535222421931e+00
1.197311228496643620e+00
1.291183262684015620e+00
1.388597637783567373e+00
1.489554353796024966e+00
1.594053410720182917e+00
1.702094808558036521e+00
1.813678547308982036e+00
1.928804626972062897e+00
2.047473047547859526e+00
2.169683809036425437e+00
2.295436911437781280e+00
2.424732354751991448e+00
2.557570138979134988e+00
2.693950264118611493e+00
2.833872730169320509e+00
2.977337537134929768e+00
3.124344685011087641e+00
3.274894173801441877e+00
3.428986003506253155e+00
3.586620174121716520e+00
3.747796685648780990e+00
3.912515538088311207e+00
4.080776731444297312e+00
4.252580265710879104e+00
4.427926140891679907e+00
4.606814356983730541e+00
4.789244913988482288e+00
4.975217811905990217e+00
5.164733050728853136e+00
5.357790630470174342e+00
5.554390551134662957e+00
5.754532812694198363e+00
5.958217415177880838e+00
6.165444358571980032e+00
6.376213642877072374e+00
6.590525268094727274e+00
6.808379234224797294e+00
7.029775541267369476e+00
7.254714189223088638e+00
7.483195178090749522e+00
7.715218507889648691e+00
7.950784178585006856e+00
8.189892190193063470e+00
8.432542542713818534e+00
8.678735236147264942e+00
8.928470270493420458e+00
9.181747645752281528e+00
9.438567361923846377e+00
9.698929419008115005e+00
9.962833817005112280e+00
1.023028055591482577e+01
1.050126963573723593e+01
1.077580105647237652e+01
1.105387481812021022e+01
1.133549092068077080e+01
1.162064936415403693e+01
1.190935014854002638e+01
1.220159327383873027e+01
1.249737874005014149e+01
1.279670654717427603e+01
1.309957669521112678e+01
1.340598918416068841e+01
1.371594401402299113e+01
1.402944118479801006e+01
1.434648069648576119e+01
1.466706254908622320e+01
1.499118674259942985e+01
1.531885327702536159e+01
1.565006215236403087e+01
1.598481336861544833e+01
1.632310692577959799e+01
1.666494282385650294e+01
1.701032106284615608e+01
1.735924164274857162e+01
1.771170456356374601e+01
1.806770982529167213e+01
1.842725742793236421e+01
1.879034737148581868e+01
1.915697965595200714e+01
1.952715428133081232e+01
1.990087124762230886e+01
2.027813055482658200e+01
2.065893220275432540e+01
2.104327619181861309e+01
2.143116252179401826e+01
2.182259119276939430e+01
2.221756220449172758e+01
2.261607555720867779e+01
2.301813125080973421e+01
2.342372928531333542e+01
2.383286966073406532e+01
2.424555237679203401e+01
2.466177743408819367e+01
2.508154483234704557e+01
2.550485457149386903e+01
2.593170665149289178e+01
2.636210107240577827e+01
2.679603783396523298e+01
2.723351693686610631e+01
2.767453838049045700e+01
2.811910216502775128e+01
2.856720829047547738e+01
2.901885675683318411e+01
2.947404756409943261e+01
2.993278071223120307e+01
3.039505620127516039e+01
3.086087403124223982e+01
3.133023420214937360e+01
3.180313671403208531e+01
3.227958156688554681e+01
3.275956876054449651e+01
3.324309829511816616e+01
3.373017017060782763e+01
3.422078438701570491e+01
3.471494094433045063e+01
3.521263984253595680e+01
3.571388108165390918e+01
3.621866466168477672e+01
3.672699058262788441e+01
3.723885884448272776e+01
3.775426944682627806e+01
3.827322234332908835e+01
3.879571767469750654e+01
3.932175530012064257e+01
3.985133526648800029e+01
4.038445757378855205e+01
4.092112222201654248e+01
4.146132921116851833e+01
4.200507854124224139e+01
4.255237021223620530e+01
4.310320422403825091e+01
4.365758057868740138e+01
4.421549927243691513e+01
4.477696030709935116e+01
4.534196368267473076e+01
4.591050939916314633e+01
4.648259745656599762e+01
4.705822785488111037e+01
4.763740059410897487e+01
4.822011567424959111e+01
4.880637309530295198e+01
4.939617285726895801e+01
4.998951496014775131e+01
5.058639940393924661e+01
5.118682618864350786e+01
5.179079531426048533e+01
5.239830678079017190e+01
5.300936058823263863e+01
5.362395673658780737e+01
5.424209522585572074e+01
5.486377605603641427e+01
5.548899922712982402e+01
5.611776473913591445e+01
5.675007259205480636e+01
5.738592278588645712e+01
5.802531532063085962e+01
5.866825019628798543e+01
5.931472741285794825e+01
5.996474697034062729e+01
6.061830886873612911e+01
6.127541310804439689e+01
6.193605968826546615e+01
6.260024860939909530e+01
6.326797987144470170e+01
6.393925347440304563e+01
6.461406941827412709e+01
6.529242770305789634e+01
6.597432832875438180e+01
6.665977129536355505e+01
6.734875660288547294e+01
6.804128425132013547e+01
6.873735424066754263e+01
6.943696657092756652e+01
7.014012124215159361e+01
7.084681825418587664e+01
