6.229744329438707654e-13
5.075796549131709329e-03
2.030318619652055762e-02
4.568216894218491558e-02
8.121274478610523984e-02
1.268949137282843198e-01
1.827286757687313079e-01
2.487140308991112048e-01
3.248509791393923152e-01
4.111395204789131674e-01
5.075796549129258928e-01
6.141713824448407077e-01
7.309147030749434393e-01
8.578096168032116609e-01
9.948561236150164078e-01
1.142054223554544556e+00
1.299403916576857831e+00
1.466905202697811106e+00
1.644558081885335810e+00
1.832362554236269148e+00
2.030318619644768674e+00
2.238426278166671501e+00
2.456685529741445606e+00
2.685096374475234082e+00
2.923658812286373809e+00
3.172372843203403292e+00
3.431238467199648312e+00
3.700255684306034354e+00
3.979424494498922549e+00
4.268744897789825465e+00
4.568216894205081147e+00
4.877840483714532382e+00
5.197615666302713322e+00
5.527542441991071698e+00
5.867620810784751839e+00
6.217850772677842031e+00
6.578232327669814694e+00
6.948765475413658521e+00
7.329450216627053649e+00
7.720286551224027960e+00
8.121274478607919178e+00
8.532413998827182766e+00
8.953705112548322020e+00
9.385147819297852578e+00
9.826742119058868852e+00
1.027848801197623274e+01
1.074038549768017425e+01
1.121243457700436430e+01
1.169463524906316643e+01
1.218698751438052952e+01
1.268949137258153925e+01
1.320214682428677122e+01
1.372495386865293199e+01
1.425791250622929596e+01
1.480102273690681969e+01
1.535428456028432009e+01
1.591769797575598311e+01
1.649126298802766399e+01
1.707497959118175146e+01
1.766884778602165440e+01
1.827286757676950657e+01
1.888703895884392381e+01
1.951136193259716833e+01
2.014583650316880181e+01
2.079046266397837428e+01
2.144524042005116726e+01
2.211016976086055763e+01
2.278525070902958305e+01
2.347048324294170385e+01
2.416586736698400628e+01
2.487140307912657988e+01
2.558709039517052375e+01
2.631292930396714524e+01
2.704891980548833175e+01
2.779506190280168454e+01
2.855135558867328172e+01
2.931780086747519221e+01
3.009439773830332143e+01
3.088114620486339845e+01
3.167804626263325574e+01
3.248509791432576321e+01
3.330230115595452389e+01
3.412965599447544207e+01
3.496716242389534557e+01
3.581482045034111650e+01
3.667263006667280223e+01
3.754059127654178951e+01
3.841870407823437006e+01
3.930696847459820731e+01
4.020538445869840416e+01
4.111395204554457905e+01
4.203267122116167087e+01
4.296154198965596294e+01
4.390056433210253317e+01
4.484973830628945279e+01
4.580906383202147936e+01
4.677854099493206519e+01
4.775816973012678801e+01
4.874795005735430209e+01
4.974788197236038911e+01
5.075796549104488520e+01
5.177820059743452674e+01
5.280858729637458282e+01
5.384912558898398771e+01
5.489981546843799975e+01
5.596065695178079125e+01
5.703165002586725052e+01
5.811279468910754531e+01
5.920409094501380309e+01
6.030553878931198142e+01
6.141713824103943153e+01
6.253888927985903479e+01
6.367079190956720680e+01
6.481284613096570979e+01
6.596505194932979066e+01
6.712740935982186841e+01
6.829991836186286491e+01
6.948257895845257792e+01
7.067539114689672886e+01
7.187835493089060890e+01
7.309147030165374304e+01
7.431473726684440351e+01
7.554815583694153247e+01
7.679172599042986747e+01
7.804544773673674740e+01
7.930932106651218305e+01
8.058334600279178517e+01
8.186752254010497154e+01
8.316185066052906905e+01
8.446633037223529072e+01
8.578096167425000829e+01
8.710574457706790952e+01
8.844067906243566313e+01
8.978576515314367157e+01
9.114100283595931273e+01
9.250639210131006962e+01
9.388193296612453764e+01
9.526762542848598514e+01
9.666346948137643835e+01
9.806946510984093379e+01
9.948561232320705017e+01
1.009119111430849642e+02
1.023483616149096491e+02
1.037949636160450666e+02
1.052517172380838133e+02
1.067186224413101314e+02
1.081956792345548450e+02
1.096828876224070939e+02
1.111802475470735772e+02
1.126877591787899178e+02
1.142054223013425087e+02
1.157332370737465368e+02
1.172712034270451227e+02
1.188193213992844761e+02
1.203775909272837623e+02
1.219460120910054144e+02
1.235245848170515188e+02
1.251133091364219752e+02
1.267121850309338527e+02
1.283212125334844984e+02
1.299403915963679879e+02
1.315697223123852950e+02
1.332092046313621552e+02
1.348588385119342661e+02
1.365186239765965013e+02
1.381885610458153906e+02
1.398686497034034062e+02
1.415588899564497467e+02
1.432592817998786074e+02
1.449698252385995829e+02
1.466905202466537901e+02
1.484213668714426433e+02
1.501623651073927590e+02
1.519135149153644875e+02
1.536748163209244922e+02
1.554462693160989772e+02
1.572278738992473848e+02
1.590196300832434702e+02
1.608215378422726189e+02
1.626335972079773455e+02
1.644558081656228978e+02
1.662881707365008310e+02
1.681306848898887552e+02
1.699833506286544207e+02
1.718461679418411734e+02
1.737191368892848118e+02
1.756022573839124732e+02
1.774955294867977500e+02
1.793989531995478615e+02
1.813125284973039300e+02
1.832362554103936532e+02
1.851701338937583614e+02
1.871141639714090559e+02
1.890683456566588063e+02
1.910326789223325079e+02
1.930071637681853076e+02
1.949918002084290265e+02
1.969865882630662668e+02
1.989915278899942450e+02
2.010066191222821885e+02
2.030318619644591820e+02
