2.600313735659246284e+00
1.202550207748772637e+00
3.561640439171535721e+00
5.901281585360910187e-01
1.929627107274253905e+00
3.382449456266570120e+00
2.777662103955207407e+00
2.936716337162911028e+00
1.752580857872737319e+00
2.859124965464033163e+00
1.091259822194851514e+00
3.249974446687005636e-01
1.618138538795086179e+00
2.068317107393073506e+00
6.241497987360518085e-01
2.682562078286441221e+00
1.876690990016404381e+00
2.895626638057299029e+00
3.655916802872983151e+00
7.322370801160659193e-01
2.939608866782990049e+00
8.831164834184664914e-01
5.367968713741700926e-01
4.209106473677398097e-01
5.065089197392544929e-01
3.558436930245457930e+00
3.040412637025452280e+00
2.164793607889476501e+00
1.833792174821967436e+00
2.108700635571637338e+00
1.654425465124108374e+00
3.191116908209337133e+00
1.937594741774550489e+00
9.942929287319376419e-01
3.023551736280208235e+00
2.161063983259982724e+00
3.817820494915336926e+00
7.266346225831420425e-01
1.533164261194531530e+00
3.122516997888785450e+00
3.258970755873244141e+00
2.342198874943512532e+00
2.128732352070201284e+00
2.333591614386905100e+00
2.643418257218460354e+00
2.486266062547076050e+00
1.852548156529182588e+00
2.172585333717595546e+00
1.362980118381622807e+00
3.594749199755074009e+00
2.036159359501991784e+00
1.620387070506707161e+00
1.379848105386753510e+00
1.857042582585218815e+00
1.558513746348719531e+00
3.343053748519780655e+00
2.149705407712065419e+00
3.223933381787255747e+00
8.775618430122817948e-01
1.520651210297265798e+00
2.038629530022001646e+00
2.139201053464171220e+00
2.056747168862556929e+00
3.705399879987930856e+00
3.613878154318650893e+00
3.344556934222461919e+00
2.926298985958723176e+00
2.002111559062985435e+00
2.473637624817984992e+00
3.069617955405431253e+00
2.498082064244215861e+00
1.953082663908226824e+00
1.265524059648760913e+00
3.468444617232600891e+00
3.174913128838399601e+00
9.337908401342780440e-01
3.003802260380449951e+00
2.025306171985264747e+00
3.172994909897664861e+00
2.242536255081569507e+00
3.594478534406516435e+00
1.852968980262508003e+00
2.670206703046594576e+00
1.023714702855701875e+00
3.034166973913171583e-01
1.086995963182890712e+00
2.636736954165022073e+00
2.373315668223511476e+00
1.130475732157638413e+00
9.811374099167894380e-01
3.230530635485179047e+00
5.810156694712863557e-01
9.547194641456019371e-01
3.686829415110264296e+00
2.193460739045587804e+00
1.956762930488426866e+00
3.323434268274688463e+00
2.212032461112886317e+00
1.455474093702669114e+00
2.816141206568830047e+00
2.548687317352181569e+00
3.833278046149574791e+00
1.333136491174132132e+00
3.783414422002080890e+00
3.154876755702322288e+00
1.138662691630505153e+00
3.014498861923242679e+00
1.379467303527720512e+00
1.393371287823749416e+00
2.921402620931357053e+00
2.354058199270955276e-01
2.755655446135048869e+00
3.288165159521792003e+00
3.121157280993168026e+00
8.981809284556264705e-01
3.748339566890131813e+00
2.749197283172084116e+00
2.265680713476411867e+00
1.176932845691252005e+00
2.105938142420853421e+00
2.664035393816917008e+00
3.314404813001494698e+00
3.701388635576567054e+00
2.979364955861656394e+00
2.257800334261845343e+00
3.742510822286910788e+00
2.315482662726980223e+00
2.102934570303749418e+00
3.990525508554346068e+00
7.690485353377003452e-01
1.296536585050534152e+00
3.102314171637318152e-01
2.229456468784827283e+00
1.593341055232297965e+00
2.799473017117484197e+00
3.023598263755614468e+00
1.890018303929560162e+00
3.794211267282229461e+00
2.875271663497928731e+00
2.714445358734718816e+00
4.841135147024052676e-01
2.860970038505527224e+00
2.102887948720504774e+00
3.360936717667781348e+00
9.446372111547638450e-01
1.005536855392307416e+00
1.294468749541731079e+00
3.648866285414145594e+00
2.574646047485238842e+00
2.544376522485359615e+00
2.149762923227027223e+00
3.683762186570587627e+00
1.049010117457278346e+00
3.342351134868990048e+00
1.843835342301795466e+00
3.462580374516401438e+00
1.299001343086372495e+00
2.139421247947269844e+00
1.898802178994264622e+00
2.117289337841964159e+00
9.922715388292561167e-01
1.482100978522449930e+00
2.300036715911438101e+00
2.352613183928578433e+00
1.916350404059264267e+00
1.961101425913791330e+00
2.662111154371085586e+00
3.447966412028103278e+00
2.539590801230444672e+00
1.445820478759819672e+00
3.170252684668304788e+00
5.714670952340993315e-01
2.818899964772940248e+00
1.506645785937620330e+00
1.323554880129253375e+00
1.084993838298547120e+00
8.335340375033823967e-01
3.215715428873628934e+00
1.082353835117165097e+00
1.677853003619499850e+00
1.095340312331271271e+00
1.430818934086919070e+00
2.154835058121667757e+00
3.380560312488092300e+00
4.429380187853226292e-01
3.693110954125245482e-01
1.659447828487498722e+00
3.668972859027428868e+00
1.439652856130910763e+00
1.499854425945042147e+00
3.791520644311419996e+00
1.070269518384895147e+00
3.115741248118412354e+00
2.425567532088933831e+00
2.664929900583624001e+00
2.376636793928995850e+00
2.194564596249309663e+00
1.332669673878880578e+00
2.883612014304305582e+00
2.362776116897264078e+00
3.232891822099172696e+00
3.104195169302031321e+00
3.136445369072099254e+00
2.240201785846458904e+00
3.043926145817867468e+00
3.381939115545915531e+00
1.721459210348906810e+00
1.487568519403542400e+00
2.462946749865551621e-01
1.055778585136423642e+00
4.072911772591970569e-01
3.651380274259741210e+00
2.681906527799108098e+00
3.448739480121636447e+00
1.983105833467551538e+00
2.413686598168712560e+00
1.726892140222173522e+00
2.284688217602500071e+00
6.269414272389014497e-01
2.547553386279359788e+00
3.210899466017149262e+00
2.555687508586975909e+00
7.634453859270448062e-01
3.116592432992290274e+00
3.551498028175952282e+00
3.211622766048412458e+00
2.535094820407151506e+00
2.929897308748321549e+00
2.683185686492917998e+00
2.185749130350786995e+00
5.473195360487284056e-01
2.485451011522603171e+00
1.100201596536399595e+00
3.008674271247402388e+00
7.219862192122260547e-01
3.301512272797720193e+00
3.888722711643336716e+00
2.379519734326694280e+00
3.356311016856867280e+00
1.917087706370417921e+00
2.783535426067893503e+00
3.070452296343866294e+00
2.201305106352973606e+00
3.552149525047486822e+00
2.177356120749200041e+00
1.655553538541020941e+00
2.570064516132926524e+00
2.037408491317140857e+00
1.296370398284657277e+00
1.017893703332685584e+00
7.384572402417325376e-01
1.702751919140642611e+00
1.924242852443577512e+00
2.870152926423462425e+00
2.776841414369597860e+00
1.089279283954901034e+00
3.446834977497160057e+00
1.466696449972478389e+00
3.066059639651122826e+00
2.124727719216402022e+00
1.866531907935404577e+00
3.711221003679727737e+00
2.533409049983831540e+00
1.235464402764576697e+00
2.673990602315558185e+00
8.869191682832812118e-01
1.239924721932717411e+00
3.552883791118112811e+00
3.641926717767502097e+00
2.563781105475247291e+00
1.341680651344832276e+00
1.789366928513377530e+00
1.506911284394376160e+00
2.602081202351070655e+00
2.869059769811077132e+00
2.308760985775175190e+00
3.281140307613252372e+00
1.626871959950362712e+00
3.336764206051038517e+00
3.068634658363270429e+00
1.874646449279808058e+00
1.663879037276531969e+00
1.721049139873964684e+00
2.411344788731241806e+00
5.888724561483938968e-01
2.866308825655264236e+00
7.050775560670292652e-01
2.169615888985826579e+00
2.278569412833899577e+00
2.937694675443342174e+00
6.962528530612765998e-01
3.154009291209819210e+00
2.141788817821827173e+00
1.860719346968365162e+00
2.640692658179413677e+00
3.737256342273468146e+00
2.883858017227322268e+00
1.448063434111102277e+00
9.831600140247964692e-01
2.880426968389964593e+00
1.757393698161464179e+00
9.291489041027586326e-01
1.804747318065246686e+00
1.629418420162358938e+00
1.339184832475261100e+00
2.688754263938987421e+00
1.636823350021936685e+00
1.411234707541208389e+00
2.604375694222193172e+00
1.253589275889641363e-01
3.422999075273249314e+00
2.429973756658197370e+00
1.585164701657097330e+00
1.838788368002949092e+00
3.564464677780180946e+00
3.179435676376458186e+00
3.146516743311757125e+00
2.279695064006524774e+00
2.281139288158783529e+00
3.479626227991639453e+00
2.199013876284142910e+00
2.524824337015473041e+00
2.462011984810620113e+00
1.507739626644095665e+00
2.066555781675996517e+00
1.763975480009498442e+00
2.888607155293415385e+00
8.529823184765058519e-01
2.932271702524066992e+00
1.507870923013016284e+00
6.861032622807814452e-01
4.760983687750190430e-01
1.634253798744827346e+00
3.989216658461519627e-01
9.880046512667671754e-01
4.421129461183538334e-01
1.229096516675461936e+00
2.459187868608295080e+00
1.977799124329474134e+00
1.176997481014640412e+00
3.193234517228882741e+00
2.189491072899415247e+00
2.232730675390313113e+00
8.118147126390126145e-01
2.612164942215801311e+00
3.472786629490155708e+00
3.816406416508637101e+00
1.573483053336332649e+00
2.134177792643427551e+00
2.289859694303375104e+00
1.768640654381132826e+00
9.696158740150836453e-01
2.513761310111389591e+00
2.230643451843084435e+00
1.191552228607799746e+00
3.307072971256195260e+00
8.006138613258040326e-01
3.569083112161365978e+00
1.010983384836450005e+00
3.017898447135140660e+00
2.794327764022563443e+00
7.013568147247263296e-01
1.627494180516803057e+00
3.436441156589931545e+00
3.304922549436335011e+00
3.870614115122573473e+00
3.106509316845881497e+00
9.341668426636955402e-01
2.496499456152884822e+00
1.170076655823950373e+00
2.915944654011208392e+00
7.889994154370312263e-01
3.163932728242642600e+00
1.885015224543083567e+00
3.407770619225988451e+00
2.876675955379891292e+00
2.370892832982979481e+00
1.723841900913105629e+00
3.925230530809530549e+00
1.654794076134052716e+00
1.263846741676541985e+00
2.790981684123170936e+00
1.721380656223083561e+00
8.184853104996669959e-01
1.487405796622968124e+00
1.705320100427025087e+00
6.978876547343526582e-01
2.481638645648386543e+00
3.122618159933219673e+00
8.021324605278516984e-01
2.074197073869953112e+00
3.260746669855185242e+00
1.602401628480998985e+00
2.520684090011866996e+00
3.808598379705987469e-01
2.299921071027933639e+00
1.049857909860163030e+00
3.342394859700338894e-01
1.654611157399045185e+00
3.220513411743837207e+00
1.682026544111391075e+00
2.889236596237660049e+00
3.323692432145711084e+00
1.032924682811099837e+00
2.452716944034275759e+00
2.119683117824370910e+00
3.584994044531064628e+00
3.770045631938568231e+00
2.011103706550747106e+00
2.637186188570333822e+00
3.409060271854983171e+00
2.485445767511534232e+00
1.620368750892023257e+00
2.754827082668140026e+00
1.388930390985421370e+00
3.630908930810138990e+00
3.656973437778032743e+00
3.398531997551360373e+00
1.967069091308511597e+00
1.403130397638703508e+00
1.053985401320077342e+00
2.128690100053321821e+00
2.697875558160794718e+00
3.429473733303475047e+00
4.740436265993491771e-01
6.530217140511910268e-01
9.227809699234346130e-01
1.141842710950156992e+00
3.215901692828495140e+00
2.316720438339620269e+00
1.670300044161674435e+00
3.133569232208074595e+00
3.432254513774841698e+00
3.072959288183181759e+00
2.675638474853650806e+00
1.724261814641723900e+00
3.482518142847308873e+00
3.889268820654650405e+00
1.452375633447472891e+00
3.179689368647897751e+00
1.502708898868113652e+00
1.849470144053012577e+00
2.988488600507384074e+00
2.328860355642378366e+00
2.386997058030167373e+00
3.332994204086775714e+00
1.357207906769655636e+00
3.380461238375994437e+00
1.580866551888300942e+00
2.256289601560429681e+00
1.658203309369151945e+00
1.411281333957563167e+00
6.114687938545504409e-01
3.088362179334992241e+00
3.113992099185422191e+00
3.227384419619101052e+00
3.270491288952519060e+00
3.535662962557845290e+00
2.089891961125881714e+00
9.111926150847328154e-01
1.072248374037166885e+00
2.448148521474692973e+00
1.074396175788690622e+00
1.597213706869839545e+00
1.396847379836969383e+00
7.236160089046377308e-01
2.974212902190298546e+00
2.394201128458234518e+00
3.087778743332471265e+00
3.180323235946666660e+00
2.426389741270195799e+00
3.925872218312263850e+00
2.307993250761677828e+00
2.022178163361285197e+00
1.264692266995327996e+00
2.602176973455468723e+00
4.047442790844364424e-01
1.071770747538400181e+00
2.133739002348483904e+00
9.616315201811481694e-01
3.156372908333893612e+00
3.323708550925343008e+00
2.109261325951131472e+00
2.049003522890573414e+00
2.813950278980275055e+00
2.491717922473366098e+00
2.204477298794254470e+00
7.439927803562478292e-01
3.173455062819710015e+00
1.087079801023496328e+00
1.741755945488737689e-01
1.127041596745676832e+00
2.123711185871440588e+00
2.106692014610614283e+00
1.457282596153237630e+00
2.087953376811781059e+00
3.321443919640168385e+00
2.798510933952461421e+00
3.588350172930350190e+00
3.007049189137112055e+00
2.326885479448213889e+00
5.141365923561053153e-01
1.787540445019382362e+00
3.059964729525230354e+00
2.635803564259492582e+00
1.423358004684277089e+00
2.499905975974424877e+00
1.884139618379616188e+00
2.697591669390793978e+00
3.159646900924595769e+00
3.048334155094210018e+00
2.727020681746874509e+00
1.482397786653866900e+00
2.295444327793257688e+00
2.457723981071497921e+00
1.582337821230977326e+00
3.020970353051739998e+00
2.802472616095270652e+00
3.199909851447917397e+00
9.665329659117141148e-01
2.520239129150217305e+00
1.863530864788737640e+00
1.061792460190098097e+00
2.370600047340511551e+00
8.009181197916692696e-01
1.565065650339413805e+00
2.595183122156273114e+00
1.053836900343567917e+00
3.407250147703935639e+00
3.003114093352978742e+00
3.396731627293283484e+00
6.844684693954548038e-01
2.972241375311060807e+00
1.230687690959235692e+00
2.931948248245078936e+00
2.916078621764075951e+00
2.822562300768872490e+00
1.170017109637410124e+00
2.591957844349511486e+00
7.495750059961758804e-01
6.846260744556109668e-01
2.087237859480458035e-01
1.834186065052340719e+00
2.923968137994410466e+00
1.621274218178178517e+00
2.313639953431025020e+00
4.994730706936701958e-01
3.296981038180496260e+00
2.875820623752756600e+00
1.374713863648830969e+00
3.323808876331348472e+00
2.648871681124548516e+00
7.022005965447630782e-01
1.592640904739698327e+00
2.048659815545541996e+00
1.099442860298867730e+00
3.751091044287031551e-01
1.313752455006828468e+00
2.646942655474228800e+00
1.986480466080196017e+00
2.027273655806437702e+00
3.811727197645342624e+00
3.104819155816187504e-01
1.421652696638008528e+00
3.660200418510037856e-01
1.539012711951804890e+00
3.718252918352299208e+00
2.117635851885125930e+00
3.806098088726474149e+00
2.250100613019853757e+00
2.274656143984441936e+00
3.472205939301951094e+00
2.125332833142192346e+00
2.399285164702693596e+00
3.557323821429322575e+00
5.280705518546718880e-01
2.458886646311351676e+00
1.996934802275259324e+00
2.112343608159064523e+00
3.264269660760611647e+00
1.130283524261358696e+00
6.195717550281472086e-01
2.125477649805600056e+00
1.256030998671550103e+00
3.848456871632980558e+00
2.862461457091027395e+00
3.835743652285472649e+00
2.757998631508903564e+00
3.051399953794360353e-01
1.394003747587520881e+00
3.075577965144241421e+00
2.585694985288762293e+00
2.131485497469796542e+00
2.455896100092233247e+00
1.178629382443631357e+00
1.922141733245289696e+00
3.667713613980823517e+00
2.724791201508661942e+00
8.966469833525911870e-01
2.825775696524095437e+00
1.835453390303354082e+00
2.859259433838904574e+00
2.748548267720899219e+00
7.822971366159811035e-01
3.426128326293339743e+00
3.080824956100808976e+00
3.726698155787931288e+00
3.050631249607321571e+00
3.530341851794061903e+00
2.939943596219423583e+00
1.678188897853539086e+00
3.225353678714073524e+00
4.945762721863892208e-01
2.820225641061485877e+00
2.350287530639523670e+00
1.118379240511551576e+00
2.828153103859365025e+00
3.049367787145022213e+00
2.198681948557010379e+00
3.658508672047021015e+00
8.079800760340287713e-01
1.609766573820726965e+00
3.154601327105632791e+00
1.944209314406795119e+00
2.000400007023186433e+00
1.298567235628518723e+00
2.982288197197516588e+00
3.958173160537040491e+00
8.810271555789570552e-01
2.761825334809579591e+00
2.991589865616637312e+00
3.801012648943514094e+00
1.532590974574774778e+00
2.661411705251591542e+00
3.742669210815274372e+00
1.400835403445475302e+00
3.158742619978686772e+00
3.526380803270538600e+00
1.386800769855317972e+00
3.132921266122495663e+00
2.074437344611461675e+00
2.107379923358728924e+00
1.412137947105352564e+00
2.181638404418920985e+00
1.537048882129054661e+00
2.548664448409409644e+00
1.421063706422906803e+00
1.175880867441980060e+00
2.100913452418753380e+00
3.532455855282387258e+00
1.703431833336596979e+00
1.945352168026725614e+00
3.343763534908579693e+00
8.420844680844081775e-01
2.109364831476556290e+00
9.274162987988305851e-01
3.241726471686205091e+00
9.450213400832659927e-01
2.484720762486093137e-01
1.272470323315053609e+00
2.635732173028690895e+00
1.671701850090108854e+00
2.736852020748565373e+00
2.225952099349758129e+00
3.161196773671429927e+00
1.184956077834463661e+00
3.811808129092328024e+00
3.582144967470243024e+00
1.297147026827430327e+00
9.445041736696928591e-01
1.383326522509518375e+00
2.260749662694299111e+00
1.020167911584458409e+00
3.410731060075256504e+00
2.456110243259552295e+00
1.036628610347308799e+00
9.954418077046973679e-01
9.884956110109504035e-01
1.978372641734263082e+00
2.164305901509856689e+00
1.194453758365020102e+00
2.089221760719209620e+00
3.748654407117244958e+00
1.272043726747931425e+00
1.866059590311402561e+00
2.557547371412015824e+00
1.457918632993176367e+00
1.371261115113886930e+00
1.339361718254497680e+00
3.653943484958309895e+00
3.238491532716050170e+00
2.331977191084062540e+00
3.061426857084585951e+00
3.116597455462558619e-01
3.245361568526098583e+00
2.848519868959747736e+00
5.357074680982627513e-01
3.271459390238407039e+00
2.125594317859962334e+00
1.838609426945533087e+00
2.561730185073873400e+00
1.673342026913326785e+00
7.944243603212653992e-01
2.372785884483769259e+00
2.403227886371622990e+00
1.328963626685979005e+00
1.625521737920425203e+00
1.712740223544638285e+00
9.334231481028851807e-01
1.529342293817423371e-01
1.318115865022550182e+00
9.119446257603462946e-01
1.364666835690052205e+00
3.664403101784877492e+00
9.235339192990583701e-01
1.546660649874204374e+00
2.354336836814322709e+00
1.537464659939159040e+00
3.275926577604546530e+00
2.805837324681984324e+00
2.731228547205731605e+00
2.003287174395255832e+00
6.346822983849581545e-01
2.883904747793993195e+00
3.091350090532133166e+00
3.014635846948551468e+00
1.962713679332850125e+00
2.840542749265233535e+00
3.733306818763787227e+00
1.496703718421483975e+00
1.585181836816389023e+00
3.653868224681163568e+00
1.923771825980985728e+00
2.694760418001100000e+00
2.645876498380712594e+00
1.894622893949440501e+00
2.709644917908091255e+00
4.988296334256295816e-01
1.689467227792875725e+00
2.679167624827694105e+00
8.289562961703068611e-01
2.348519246970269592e+00
2.955476769965786676e+00
8.102229016937168016e-01
2.761133059362586462e+00
2.158768203643492978e+00
2.179975508774780302e+00
3.960342882708859924e-01
1.760330488967614126e+00
2.263913699709064087e+00
2.294634362422309337e+00
2.130923591654874549e+00
1.516480106033808672e+00
2.738833319360006069e+00
8.219859684795201016e-01
1.299888495498238594e+00
3.442859693298341739e+00
2.288621219587532618e+00
2.761760430028872726e+00
3.193116137382303599e+00
2.591150824465194624e+00
1.935231234874519979e+00
2.444386564838065379e+00
2.169442295052172565e+00
3.245758449293564496e+00
2.760243180498805682e+00
4.904618872827979370e-01
2.343414580438786476e+00
3.781717585272346138e+00
2.511915894979216191e+00
2.868387156641736713e+00
2.331976148368337665e+00
1.359243827911118307e+00
1.652676627802485365e+00
1.293152125209492409e+00
2.579926621836138523e+00
1.128612062469467103e+00
3.386520725979140778e+00
2.323982050957084322e+00
3.534890402849204083e+00
1.384174032922838915e+00
2.632690904623940842e+00
1.917287261288874278e+00
1.733773895530020592e+00
2.680308237560672158e+00
2.651873705177564933e+00
2.550350984590779024e+00
3.183171951815396472e+00
1.863203909495838806e+00
4.069926847345854970e-01
9.984259556812432601e-01
3.520457253579719836e+00
9.393645134554101661e-01
9.958807607226906056e-01
2.132115458496362859e+00
2.513231103442874925e+00
1.319159587548985435e+00
1.362099300113003286e+00
1.234166557771320116e+00
3.677563822004308758e+00
3.706939201755460545e+00
2.367473542917704066e+00
1.773726553354465940e+00
2.634604326797810980e+00
2.314041052191210479e+00
5.768450384513167384e-01
2.948584508301970608e+00
1.941197783295685708e+00
2.559145317971736944e+00
2.433498826053633657e+00
2.550295423791141047e+00
3.560037138958718206e+00
1.534843205466293048e+00
1.167178673608891604e+00
1.753601641930796706e+00
2.260181101609030296e+00
1.622615282225217115e+00
1.970363588493080798e+00
2.913587724848544891e+00
2.765758472215427144e+00
2.036634251324886069e+00
3.595030594620903130e+00
2.360101347389748305e+00
2.716901365509147404e+00
2.413100245180720638e+00
2.433922385775964425e+00
3.076001296731902812e+00
3.332467841316613666e-01
7.528662621089216023e-01
3.566102841136450596e+00
2.889884899805344354e+00
3.316296520457208796e+00
2.130250597926778067e+00
2.880864945658381693e+00
3.424487699463177659e+00
1.969593703781376659e+00
2.627125301536293644e+00
2.554669982523331218e+00
3.158059153784275708e+00
3.011796588928277618e+00
2.777387392925017462e+00
2.651237853333085148e+00
2.929579544438244643e+00
3.082002402506065053e+00
2.502090250502328583e+00
3.760957487883322958e+00
1.710970087769894787e+00
2.430343864224647488e-01
1.941325876538290363e+00
3.508635215507809324e+00
3.547352020582907883e+00
2.721429435444490674e-01
3.819694392266712590e+00
1.535748069915683578e+00
2.021192587479357705e+00
1.500667538295317183e+00
2.948855880555217190e+00
2.870690534299125130e+00
3.392038151629947595e+00
2.635008768383435118e+00
1.573067200598714077e+00
1.820373481755532596e+00
2.990348446086304790e+00
3.681099900848884054e+00
1.034943921496074060e+00
3.674799387005952322e+00
2.721931313519394990e+00
3.015228388344411314e+00
2.220595219173004953e+00
1.251487989738232942e+00
3.581968951800787337e+00
2.469407951357672104e+00
8.354966505973608903e-01
3.420444336437370669e+00
2.909637616342591659e+00
1.111231116860263324e+00
1.999782691527991263e+00
1.649350828993603413e+00
2.456228126744135487e+00
3.149981232581324342e+00
1.130129830915884481e+00
1.295021030387800254e+00
9.344898090366382526e-01
1.201045204183677217e+00
2.825521215295232036e+00
5.550940835047395439e-01
3.553711866418349352e+00
3.558146463870674570e+00
2.798926362571850124e+00
1.828926916499976629e+00
2.434288034320825300e+00
2.968019548143263631e+00
9.250368540951365848e-01
1.072386197813399278e+00
2.019953986989956984e+00
3.559915198648015533e+00
2.502762023486183374e+00
2.950310857217549376e+00
1.768693795610349895e+00
1.860018342568257932e+00
3.174243406028476322e+00
1.140165769795304929e+00
2.586758413507787235e+00
2.665054209686017028e+00
2.713699673399858625e+00
1.844451684469976316e+00
3.118331620037678498e+00
3.289213423825578242e-01
3.109851040337360928e+00
8.894390616579803677e-01
1.818640573332984234e+00
1.856513709331211182e+00
2.530218049467632291e+00
8.058951176613099454e-01
1.438141356370552071e+00
3.556813366391427422e+00
2.558836615238974765e+00
2.657204369832550483e+00
2.937255787498309179e+00
2.845923370801513475e+00
2.783501343023699448e+00
1.489117986615808409e+00
2.389019155717986731e+00
3.327071990267679524e+00
2.596192777110774230e+00
3.393086452596218550e+00
1.647830360498744040e-01
1.476621242717237381e+00
1.913735460853711601e+00
1.965903464743360196e+00
1.068629218482180399e+00
2.644944474148595237e+00
4.735135021339220707e-01
1.689100764720211201e+00
6.630403800062181219e-01
2.414140116879746945e+00
3.360370777461363367e+00
2.237866846952445865e+00
6.345534643524454177e-01
3.017334740033243090e+00
1.726499438943308151e+00
2.752438777856287100e+00
2.604758317980562232e+00
3.277619540880424953e+00
2.573907721216700306e+00
2.549051021518968341e+00
3.652057093358860307e+00
1.962432900455614471e+00
1.528559770239718896e+00
1.858207372969175708e+00
4.620612491328472959e-01
2.821540332630095183e+00
3.510639058128346868e+00
9.619203298996298335e-01
2.614835542531306789e+00
1.967342572445993643e+00
3.454372415784187744e+00
2.451488017722210699e+00
1.900005274553090429e+00
2.519830703882175893e+00
3.048682301187237265e+00
3.082326607236322680e+00
2.475031934432578407e+00
2.958022459903853818e+00
2.830913637555126261e+00
2.195346198994395648e-01
2.468577535331345274e+00
3.163892611640329200e+00
1.983432575124896236e+00
1.306354412847638091e+00
3.797583838574975612e+00
1.429141754619861926e+00
4.467039971723621439e-01
3.547405762213395430e+00
2.987982122612466540e+00
1.036770949532975106e+00
2.224085984059528176e+00
1.443917055826413609e+00
2.112724328255197292e+00
1.668607946433945166e+00
1.170500159155183351e+00
3.911493893084241336e+00
8.563366577316663397e-01
3.039322288354744384e+00
2.352974439938172679e+00
9.512429883801595265e-01
3.183858604973927697e+00
3.569199251480608126e-01
3.144854274654212301e+00
1.637458631071045945e+00
2.503925405060956955e+00
1.429109977593112646e+00
2.278317588307857022e+00
2.764450773395997984e+00
2.068714976304668607e+00
1.740374692166018811e+00
2.610382513025987894e+00
1.461487981962802385e+00
2.787681910428901677e+00
1.843806676678678480e+00
