8.999999999996804334e+00
8.960579490129937597e+00
8.921099244317840515e+00
8.881559108397077296e+00
8.841958928751987301e+00
8.802298552444755231e+00
8.762577826922980151e+00
8.722796600484668872e+00
8.682954721943866971e+00
8.643052040896252564e+00
8.603088407695814510e+00
8.563063673384933239e+00
8.522977689916206856e+00
8.482830310068779411e+00
8.442621387488410178e+00
8.402350776820574296e+00
8.362018333484812160e+00
8.321623914249773435e+00
8.281167376677130321e+00
8.240648579522305894e+00
8.200067382715095832e+00
8.159423647339282937e+00
8.118717235726743198e+00
8.077948011516124183e+00
8.037115839679461970e+00
7.996220586578705714e+00
7.955262120023426142e+00
7.914240309140454954e+00
7.873155025177204003e+00
7.832006140295236563e+00
7.790793528842267612e+00
7.749517066332684223e+00
7.708176630550298114e+00
7.666772100934593048e+00
7.625303358833829925e+00
7.583770287593860182e+00
7.542172772466236630e+00
7.500510700977296885e+00
7.458783962667929757e+00
7.416992449387012520e+00
7.375136055228679766e+00
7.333214676717031644e+00
7.291228212760513472e+00
7.249176564825610569e+00
7.207059636945462699e+00
7.164877335857782192e+00
7.122629571045631103e+00
7.080316254789697616e+00
7.037937302334191791e+00
6.995492631929303151e+00
6.952982164868246606e+00
6.910405825676857461e+00
6.867763542121021025e+00
6.825055245337706467e+00
6.782280869921754274e+00
6.739440354031136948e+00
6.696533639448132291e+00
6.653560671752824618e+00
6.610521400356708988e+00
6.567415778643400870e+00
6.524243764064626028e+00
6.481005318254164038e+00
6.437700407147647574e+00
6.394329001082861730e+00
6.350891074929794655e+00
6.307386608200518552e+00
6.263815585177150425e+00
6.220177995044766206e+00
6.176473832001428299e+00
6.132703095357665113e+00
6.088865789893368685e+00
6.044961925547058357e+00
6.000991517980822643e+00
5.956954588541870876e+00
5.912851164399221204e+00
5.868681278765829568e+00
5.824444970958310819e+00
5.780142286623404679e+00
5.735773277868985609e+00
5.691338003424164960e+00
5.646836528822398726e+00
5.602268926537290916e+00
5.557635276185793671e+00
5.512935664687387494e+00
5.468170186447866676e+00
5.423338943468046125e+00
5.378442045912075642e+00
5.333479611512941254e+00
5.288451766564715051e+00
5.243358645715793465e+00
5.198200392246437929e+00
5.152977158299377081e+00
5.107689105030996046e+00
5.062336402882074538e+00
5.016919231817294822e+00
4.971437781393875710e+00
4.925892251160410851e+00
4.880282850817311058e+00
4.834609800388338208e+00
4.788873330571348674e+00
4.743073682830634574e+00
4.697211109754308112e+00
4.651285875218119870e+00
4.605298254694504045e+00
4.559248535371613897e+00
4.513137016603057994e+00
4.466964009866966734e+00
4.420729839191735344e+00
4.374434841650279182e+00
4.328079366730002597e+00
4.281663777710190466e+00
4.235191409451378064e+00
4.188673555396014159e+00
4.142111711818649233e+00
4.095506366485436089e+00
4.048857999687003328e+00
4.002167083377340617e+00
3.955434079900073119e+00
3.908659441111522526e+00
3.861843607032114267e+00
3.814987004824087702e+00
3.768090047265225895e+00
3.721153131461056862e+00
3.674176637249813915e+00
3.627160925799461477e+00
3.580106337770485148e+00
3.533013191649015727e+00
3.485881781947396174e+00
3.438712376888843458e+00
3.391505217121913773e+00
3.344260512806415786e+00
3.296978441899852008e+00
3.249659147355538735e+00
3.202302735297941183e+00
3.154909272044083668e+00
3.107478781700149906e+00
3.060011243479432874e+00
3.012506588943925756e+00
2.964964699276818827e+00
2.917385402399099714e+00
2.869768470132864735e+00
2.822113615391991459e+00
2.774420489311519855e+00
2.726688678519300968e+00
2.678917702460371864e+00
2.631107010879260244e+00
2.583255981503651988e+00
2.535363917974279513e+00
2.487430048171298314e+00
2.439453522886481096e+00
2.391433415114355476e+00
2.343368719966171021e+00
2.295258355462711730e+00
2.247101164202300883e+00
2.198895916344603574e+00
2.150641313965561352e+00
2.102335997097490861e+00
2.053978552006206826e+00
2.005567521233647454e+00
1.957101417820423350e+00
1.908578741242429100e+00
1.859997998517104900e+00
1.811357729458915822e+00
1.762656537508078047e+00
1.713893126858049509e+00
1.665066347143937975e+00
1.616175246739939508e+00
1.567219136296912341e+00
1.518197664123791535e+00
1.469110905429938496e+00
1.419959467657449848e+00
1.370744614765251113e+00
1.321468413222975480e+00
1.272133903575455971e+00
1.222775909101671665e+00
1.173534478381229373e+00
1.124439903914712824e+00
1.075509055192141572e+00
1.026759966949533753e+00
9.782117656138623607e-01
9.298845113659223172e-01
8.817989256681877386e-01
8.339759691649760720e-01
7.864362318523122619e-01
7.391990975196802705e-01
6.922816489425466235e-01
6.456972892497134797e-01
5.994540662609718629e-01
5.535526950146593128e-01
5.079842716601984387e-01
4.627276465419321583e-01
4.177463618952477753e-01
3.729849383354377768e-01
3.283640759760106387e-01
2.837739345200158136e-01
2.390638558591685892e-01
1.940250955092391594e-01
1.483584455751884301e-01
1.016036599275431523e-01
5.294079407827431694e-02
-2.972709999834930679e-14
