9.308280564177814216e-14
3.945893257935763690e-03
1.576017564192070189e-02
3.537253998617699569e-02
6.266542589617024595e-02
9.747345248305379350e-02
1.395826353786274732e-01
1.887294000328473276e-01
2.445994079458486681e-01
3.068262180349863311e-01
3.749898121330074163e-01
4.486150217266576812e-01
5.271699031967380655e-01
6.100641203867438467e-01
6.966474084905615038e-01
7.862082087296377031e-01
8.779725854515872951e-01
9.711035580693163638e-01
1.064701008400180005e+00
1.157802353247044280e+00
1.249384204260036491e+00
1.338365274513022785e+00
1.423610825996539653e+00
1.503938991271127623e+00
1.578129337129585030e+00
1.644934066839129905e+00
1.703092279157127908e+00
1.751347706735438825e+00
1.788470338040490937e+00
1.813282283298577324e+00
1.824688155685195490e+00
1.821710107036681681e+00
1.803527463420727450e+00
1.769520649376975729e+00
1.719318761453441313e+00
1.652849756497659195e+00
1.570391767343436662e+00
1.472623567617997287e+00
1.360671713150108042e+00
1.236151438398839453e+00
1.101198040439822057e+00
9.584853140580640307e-01
8.112276754613736429e-01
6.631629966838021861e-01
5.185139043299601402e-01
3.819263821336955633e-01
2.583859128420095130e-01
1.531130068147572576e-01
7.144164660574048309e-02
1.868574753352522655e-02
9.345164548644641582e-14
2.024224462089283666e-02
8.384471025323060600e-02
1.947009670186441999e-01
3.560743486999962681e-01
5.705320029407700000e-01
8.399068202366490876e-01
1.165287493892944504e+00
1.547035090850493955e+00
1.984822949571793504e+00
2.477695591004243525e+00
3.024141684622850157e+00
3.622175945600388580e+00
4.269425083898428674e+00
4.963213486853463863e+00
5.700645078541569433e+00
6.478678654716608420e+00
7.294194853136149348e+00
8.144053701977563620e+00
9.025142372049181461e+00
9.934413292263513995e+00
1.086891318674527618e+01
1.182580386779398296e+01
1.280237575974130948e+01
1.379605520816266306e+01
1.480440660155049315e+01
1.582513029753441813e+01
1.685605723878394713e+01
1.789514104389629878e+01
1.894044824961188311e+01
1.999014726749926041e+01
2.104249650725928689e+01
2.209583203908433546e+01
2.314855505570007921e+01
2.419911938620194292e+01
2.524601914632791022e+01
2.628777669857252519e+01
2.732293093134392592e+01
2.835002590380992160e+01
2.936759989168270124e+01
3.037417478214899802e+01
3.136824582104893366e+01
3.234827169886291642e+01
3.331266491460503687e+01
3.425978239186096630e+01
3.518791633581164291e+01
3.609528531462049727e+01
3.698002541385523045e+01
3.784018171416825282e+01
3.867369982186227162e+01
3.947841760239224129e+01
4.025205712074891551e+01
4.099221684290021983e+01
4.169636407159130442e+01
4.236182790499407247e+01
4.298579254498054070e+01
4.356529141371531466e+01
4.409720206028426048e+01
4.457824209758709344e+01
4.500496662096148270e+01
4.537376726493670986e+01
4.568087340505157101e+01
4.592235600824259478e+01
4.609413463518038157e+01
4.619198836746669201e+01
4.621157134564246860e+01
4.614843402208857981e+01
4.599805053979834213e+01
4.575585444669201962e+01
4.541728288932934277e+01
4.497783133204370642e+01
4.443312008358158494e+01
4.377897424255867520e+01
4.301151795461913707e+01
4.212728591687475443e+01
4.112335167113708678e+01
3.999747488192390676e+01
3.874826770585844571e+01
3.737538012478247396e+01
3.587970330045262557e+01
3.426358870093365283e+01
3.253107923746343744e+01
3.068814699308766336e+01
2.874292999613153654e+01
2.670595820124508890e+01
2.459035658113831602e+01
2.241201090164524956e+01
2.018967986865657238e+01
1.794503608403366712e+01
1.570261797587036057e+01
1.348967599538864093e+01
1.133589918423697185e+01
9.273012952359129812e+00
7.334245602562144306e+00
5.553669586859667717e+00
3.965433177439040335e+00
2.602908373418574062e+00
1.497790386723730993e+00
6.791917653069486915e-01
1.727789591842348316e-01
9.320849709466171869e-14
1.774484504463857415e-01
7.164009562472264392e-01
1.622554267330165390e+00
2.895973680986533072e+00
4.531250039874822555e+00
6.517848334550670586e+00
8.840619094185031557e+00
1.148043519855003147e+01
1.441491209000827922e+01
1.761916864709321828e+01
2.106658871424023260e+01
2.472954878142758517e+01
2.858008441784034659e+01
3.259047605992807917e+01
3.673374254738090627e+01
4.098403788170544715e+01
4.531695260814989012e+01
4.970972550568416182e+01
5.414137602864480669e+01
5.859276411152822561e+01
6.304659601257232282e+01
6.748738071182749820e+01
7.190135187244482040e+01
7.627636367564014108e+01
8.060176927378887513e+01
8.486828879353939215e+01
8.906787269482911995e+01
9.319356487579045734e+01
9.723936905011518661e+01
1.012001205264111405e+02
1.050713653535975709e+02
1.088492475114115479e+02
1.125304050154781379e+02
1.161118744214516312e+02
1.195910041918637887e+02
1.229653762244828670e+02
1.262327350432136654e+02
1.293909240148792037e+02
1.324378279814398240e+02
1.353713221698817790e+02
1.381892253626264733e+02
1.408892589463916352e+02
1.434690086043005408e+02
1.459258906888843512e+02
1.482571211972290826e+02
1.504596875530870932e+02
1.525303226575647386e+02
1.544654813986176123e+02
1.562613188223897964e+02
1.579136703937772950e+02
