2.895329980266014892e-23
4.037130027482192622e-03
1.614852009654830708e-02
3.633417020718654467e-02
6.459408036762998018e-02
1.009282505753652526e-01
1.453366808344967454e-01
1.978193711699886004e-01
2.583763214691524590e-01
3.270075318572944201e-01
4.037130023294589476e-01
4.884927327738994296e-01
5.813467233036156978e-01
6.822749738826872079e-01
7.912774845842825977e-01
9.083542551598989823e-01
1.033505285869917856e+00
1.166730576627085458e+00
1.308030127432584289e+00
1.457403938281385258e+00
1.614852009171993119e+00
1.780374340109148301e+00
1.953970931093848451e+00
2.135641782122435828e+00
2.325386893197648241e+00
2.523206264324753256e+00
2.729099895492346217e+00
2.943067786706268230e+00
3.165109937965782105e+00
3.395226349271287969e+00
3.633417020620737681e+00
3.879681952017433044e+00
4.134021143460326897e+00
4.396434594946804886e+00
4.666922306485974836e+00
4.945484278067384665e+00
5.232120509696745358e+00
5.526831001521467890e+00
5.829615753334046246e+00
6.140474765120627509e+00
6.459408037002259739e+00
6.786415568902004480e+00
7.121497360455316894e+00
7.464653412408482680e+00
7.815883724402241661e+00
8.175188296430951240e+00
8.542567128508128604e+00
8.918020220626335259e+00
9.301547572795760388e+00
9.693149185012629232e+00
1.009282505727725976e+01
1.050057518958817937e+01
1.091639958193157867e+01
1.134029823432492812e+01
1.177227114676555964e+01
1.221231831925443956e+01
1.266043975179949932e+01
1.311663544438388662e+01
1.358090539703687227e+01
1.405324960973406156e+01
1.453366808248005171e+01
1.502216081528153779e+01
1.551872780807672569e+01
1.602336906093577440e+01
1.653608457383971597e+01
1.705687434680330483e+01
1.758573837982322274e+01
1.812267667290550932e+01
1.866768922605407255e+01
1.922077603921862021e+01
1.978193711237388541e+01
2.035117244562091798e+01
2.092848203886741842e+01
2.151386589209663924e+01
2.210732400547099630e+01
2.270885637889205100e+01
2.331846301235932373e+01
2.393614390587458018e+01
2.456189905943525886e+01
2.519572847304053198e+01
2.583763214669395580e+01
2.648761008039012310e+01
2.714566227413369504e+01
2.781178872792149548e+01
2.848598944175325798e+01
2.916826441562966110e+01
2.985861364955061603e+01
3.055703714351581723e+01
3.126353489742484371e+01
3.197810691147978801e+01
3.270075318558041744e+01
3.343147371972671777e+01
3.417026851391869968e+01
3.491713756815640579e+01
3.567208088243963715e+01
3.643509845676860692e+01
3.720619029114331511e+01
3.798535638556411698e+01
3.877259674007933654e+01
3.956791135458158237e+01
4.037130022913141403e+01
4.118276336372779411e+01
4.200230075837222188e+01
4.282991241306321228e+01
4.366559832780075823e+01
4.450935850258547077e+01
4.536119293741733571e+01
4.622110163229626778e+01
4.708908458722392965e+01
4.796514180219803336e+01
4.884927327721902657e+01
4.974147901228626978e+01
5.064175900740107750e+01
5.155011326256308024e+01
5.246654177777261197e+01
5.339104455303022689e+01
5.432362158835675103e+01
5.526427288373635349e+01
5.621299843923306838e+01
5.716979825469552168e+01
5.813467233012833901e+01
5.910762066558315553e+01
6.008864326100164277e+01
6.107774011658860047e+01
6.207491123228684415e+01
6.308015660802921332e+01
6.409347624373799590e+01
6.511487013951257552e+01
6.614433829538836562e+01
6.718188071128244587e+01
6.822749738721000767e+01
6.928118832318725140e+01
7.034295351955140063e+01
7.141279297556420147e+01
7.249070669162969693e+01
7.357669466773020872e+01
7.467075690395485310e+01
7.577289340022004183e+01
7.688310415649743845e+01
7.800138917282782813e+01
7.912774844921517570e+01
8.026218198565464945e+01
8.140468978214512674e+01
8.255527183867245355e+01
8.371392815524993125e+01
8.488065873187512977e+01
8.605546356854462431e+01
8.723834266525824432e+01
8.842929602201714090e+01
8.962832363881776132e+01
9.083542551566239354e+01
9.205060165255726190e+01
9.327385204949581521e+01
9.450517670647919033e+01
9.574457562350961837e+01
9.699204880058691458e+01
9.824759623773222472e+01
9.951121793483187616e+01
1.007829138921293008e+02
1.020626841094120181e+02
1.033505285866707197e+02
1.046464473241110937e+02
1.059504403215103423e+02
1.072625075789486147e+02
1.085826490964445838e+02
1.099108648739676823e+02
1.112471549114723359e+02
1.125915192091593582e+02
1.139439577668675554e+02
1.153044705845701827e+02
1.166730576622788789e+02
1.180497190000941572e+02
1.194344545979541294e+02
1.208272644558570050e+02
1.222281485738351137e+02
1.236371069518323935e+02
1.250541395901044268e+02
1.264792464879523664e+02
1.279124276460862433e+02
1.293536830643157316e+02
1.308030127425709566e+02
1.322604166808475838e+02
1.337258948791836133e+02
1.351994473375126518e+02
1.366810740560290185e+02
1.381707750348191439e+02
1.396685502729900179e+02
1.411743997715719274e+02
1.426883235301731645e+02
1.442103215488656076e+02
1.457403938275896564e+02
1.472785403663463626e+02
1.488247611650858175e+02
1.503790562234162280e+02
1.519414255422813085e+02
1.535118691211796431e+02
1.550903869601548593e+02
1.566769790591926892e+02
1.582716454182222776e+02
1.598743860373476195e+02
1.614852009164178526e+02
