9.000000000001953993e+00
8.945059378329146327e+00
8.890237525870222868e+00
8.835534462023206359e+00
8.780950205223795990e+00
8.726484774156089586e+00
8.672138186711901398e+00
8.617910460427857799e+00
8.563801612413941555e+00
8.509811659248985194e+00
8.455940616915633257e+00
8.402188500859093523e+00
8.348555325821301665e+00
8.295041105896299172e+00
8.241645854360916346e+00
8.188369583826723641e+00
8.135212305959369061e+00
8.082174031561894623e+00
8.029254770464707036e+00
7.976454531541438797e+00
7.923773322500009542e+00
7.871211149974279842e+00
7.818768019377024814e+00
7.766443934857416131e+00
7.714238899217181533e+00
7.662152913856143499e+00
7.610185978675160889e+00
7.558338092020169263e+00
7.506609250577700010e+00
7.454999449312387227e+00
7.403508681392101387e+00
7.352136938109714137e+00
7.300884208487442351e+00
7.249750479925015867e+00
7.198735737294244430e+00
7.147839963267852426e+00
7.097063138117468029e+00
7.046405239611246429e+00
6.995866242902107679e+00
6.945446120408466761e+00
6.895144841699714533e+00
6.844962373373730813e+00
6.794898678924494284e+00
6.744953718625045447e+00
6.695127449378942330e+00
6.645419824592326385e+00
6.595830794032212729e+00
6.546360303681164616e+00
6.497008296034492147e+00
6.447774707688755491e+00
6.398659473708153023e+00
6.349662523671549152e+00
6.300783780152767299e+00
6.252023164996290738e+00
6.203380593234341767e+00
6.154855975115447464e+00
6.106449213436176748e+00
6.058160216353768668e+00
6.009988854086433463e+00
5.961935037643132596e+00
5.913998640883264990e+00
5.866179539133431931e+00
5.818477601282634915e+00
5.770892689483648752e+00
5.723424659046855822e+00
5.676073358115032441e+00
5.628838627546606688e+00
5.581720300184676908e+00
5.534718201967651297e+00
5.487832149958820516e+00
5.441061953169993970e+00
5.394407412061790197e+00
5.347868318289736855e+00
5.301444454445921828e+00
5.255135593798868854e+00
5.208941500045368045e+00
5.162861927027075026e+00
5.116896618467407620e+00
5.071045307700328131e+00
5.025307717392824891e+00
4.979683559264920234e+00
4.934172533809725536e+00
4.888774330004465263e+00
4.843488625027159600e+00
4.798315083962487293e+00
4.753253359509692189e+00
4.708303091687809250e+00
4.663463907536430142e+00
4.618735420815867521e+00
4.574117231705662867e+00
4.529608926429210314e+00
4.485210077288599884e+00
4.440920241679634728e+00
4.396738962455206234e+00
4.352665767274428887e+00
4.308700168356312865e+00
4.264841662164633007e+00
4.221089729077728947e+00
4.177443833085527913e+00
4.133903421450082050e+00
4.090467924393179189e+00
4.047136754740087383e+00
4.003909307616287272e+00
3.960784960095577123e+00
3.917763070861619124e+00
3.874842979863534875e+00
3.832024007965894707e+00
3.789305456593049293e+00
3.746686607367582411e+00
3.704166721740394852e+00
3.661745040616174673e+00
3.619420783965832111e+00
3.577193150432148361e+00
3.535061316922814889e+00
3.493024438192518843e+00
3.451081646409040360e+00
3.409232050708018491e+00
3.367474736725407869e+00
3.325808766116275184e+00
3.284233176048120484e+00
3.242746978676021463e+00
3.201349160588655263e+00
3.160038682227525708e+00
3.118814477275820174e+00
3.077675452012690549e+00
3.036620484630995431e+00
2.995648424513969843e+00
2.954758091475693682e+00
2.913948274911048575e+00
2.873217732979743033e+00
2.832565191641771563e+00
2.791989343678647373e+00
2.751488847627734824e+00
2.711062326657182719e+00
2.670708367349604817e+00
2.630425518368134874e+00
2.590212289170093829e+00
2.550067148360866565e+00
2.509988522173650427e+00
2.469974792719321854e+00
2.430024296130137262e+00
2.390135320562006171e+00
2.350306104047465983e+00
2.310534832191289745e+00
2.270819635697478134e+00
2.231158587705429408e+00
2.191549700936069378e+00
2.151990924625057033e+00
2.112480141242768727e+00
2.073015162956056479e+00
2.033593727866462419e+00
1.994213495973662820e+00
1.954872044848285251e+00
1.915566865020729148e+00
1.876295355056434078e+00
1.837054816304078741e+00
1.797842447301700508e+00
1.758655337824176268e+00
1.719490462555078869e+00
1.680344674365258362e+00
1.641214697178263293e+00
1.602097118402561415e+00
1.562988380902596841e+00
1.523884774483028615e+00
1.484782426850392856e+00
1.445677293997565727e+00
1.406565149974718043e+00
1.367441575928872055e+00
1.328301948354701612e+00
1.289141426395899792e+00
1.249954938025519935e+00
1.210737164868515681e+00
1.171482525349560655e+00
1.132185155751554539e+00
1.092838888640264017e+00
1.053437227889255645e+00
1.013973319437434517e+00
9.744399163203496528e-01
9.348293364888954349e-01
8.951334109776648562e-01
8.553434194879513397e-01
8.154500092614342943e-01
7.754430917422435732e-01
7.353117093482391953e-01
6.950438619716113875e-01
6.546262780631437739e-01
6.140441090878691055e-01
5.732805156940733449e-01
5.323160979647713065e-01
4.911280957548764259e-01
4.496892412265215966e-01
4.079660695226495215e-01
3.659163636695997313e-01
3.234851704947014905e-01
2.805983973226026107e-01
2.371521578065081126e-01
1.929942385894599655e-01
1.478894952322704626e-01
1.014463575196669076e-01
5.291548317928850692e-02
3.151352826680852366e-23
