2.213985120042528737e-17
3.067644903146414873e-03
1.227057961266522258e-02
2.760880412850477347e-02
4.908231845059857906e-02
7.669112257923163534e-02
1.104352165140192604e-01
1.503146002552739613e-01
1.963292738028426798e-01
2.484792371566202918e-01
3.067644903169500781e-01
3.711850332833535049e-01
4.417408660563153511e-01
5.184319886355911455e-01
6.012584010211565744e-01
6.902201032131976000e-01
7.853170952114388870e-01
8.865493770159939002e-01
9.939169486268226716e-01
1.107419810044285580e+00
1.227057961267799202e+00
1.352831402297803631e+00
1.484740133133668039e+00
1.622784153776777538e+00
1.766963464225620228e+00
1.917278064481076072e+00
2.073727954542607499e+00
2.236313134410683467e+00
2.405033604085051291e+00
2.579889363565062155e+00
2.760880412852652732e+00
2.948006751945759785e+00
3.141268380845329222e+00
3.340665299551452527e+00
3.546197508064042658e+00
3.757865006382825168e+00
3.975667794507281805e+00
4.199605872439133414e+00
4.429679240176452204e+00
4.665887897720332411e+00
4.908231845070615940e+00
5.156711082227254828e+00
5.411325609190205554e+00
5.672075425959414829e+00
5.938960532536447623e+00
6.211980928918537259e+00
6.491136615105454588e+00
6.776427591101389147e+00
7.067853856901636256e+00
7.365415412510280646e+00
7.669112257923793585e+00
7.978944393143770242e+00
8.294911818170172424e+00
8.617014533002937071e+00
8.945252537642048196e+00
9.279625832087511128e+00
9.620134416339384487e+00
9.966778290397645179e+00
1.031955745426231097e+01
1.067847190793331613e+01
1.104352165141071573e+01
1.141470668469249716e+01
1.179202700778259150e+01
1.217548262067678522e+01
1.256507352338018357e+01
1.296079971588855528e+01
1.336266119819630482e+01
1.377065797031940697e+01
1.418479003224660140e+01
1.460505738398894948e+01
1.503146002553139837e+01
1.546399795687789336e+01
1.590267117802980934e+01
1.634747968898790660e+01
1.679842348975195065e+01
1.725550258032314943e+01
1.771871696070353508e+01
1.818806663088936304e+01
1.866355159088060489e+01
1.914517184067890199e+01
1.963292738028335904e+01
2.012681820969394408e+01
2.062684432891071040e+01
2.113300573793368287e+01
2.164530243676295740e+01
2.216373442539850913e+01
2.268830170384036293e+01
2.321900427208850459e+01
2.375584213014298385e+01
2.429881527800379359e+01
2.484792371567095159e+01
2.540316744314438324e+01
2.596454646042422354e+01
2.653206076751042986e+01
2.710571036440297377e+01
2.768549525110189435e+01
2.827141542760718806e+01
2.886347089382234188e+01
2.946166164993558567e+01
3.006598769585565734e+01
3.067644903158267056e+01
3.129304565711665020e+01
3.191577757245769575e+01
3.254464477760578234e+01
3.317964727256093482e+01
3.382078505732314966e+01
3.446805813189236289e+01
3.512146649626852479e+01
3.578101015045158562e+01
3.644668909444149563e+01
3.711850332823814114e+01
3.779645285184145820e+01
3.848053766525138286e+01
3.917075776847258339e+01
3.986711316149963835e+01
4.056960384433334355e+01
4.127822981697375582e+01
4.199299107941988041e+01
4.271388763166797276e+01
4.344091947372417195e+01
4.417408660558790956e+01
4.491338902718201354e+01
4.565882673847067963e+01
4.641039973979825106e+01
4.716810803093030557e+01
4.793195161186550735e+01
4.870193048260458113e+01
4.947804464314953066e+01
5.026029409347197685e+01
5.104867883359018776e+01
5.184319886351361362e+01
5.264385418324213362e+01
5.345064479277576908e+01
5.426357069211410078e+01
5.508263188125658161e+01
5.590782836020401447e+01
5.673916012895639938e+01
5.757662718751349473e+01
5.842022953587542133e+01
5.926996717404202997e+01
6.012584010152087899e+01
6.098784831978923648e+01
6.185599182736967805e+01
6.273027062475454585e+01
6.361068471194388252e+01
6.449723408893751753e+01
6.538991875573560719e+01
6.628873871233783177e+01
6.719369395874436179e+01
6.810478449495506936e+01
6.902201032096986921e+01
6.994537143678884661e+01
7.087486784241183102e+01
7.181049953783883666e+01
7.275226652346306366e+01
7.370016879853257308e+01
7.465420636340785165e+01
7.561437921808906992e+01
7.658068736257612841e+01
7.755313079686901290e+01
7.853170952096790813e+01
7.951642353487264359e+01
8.050727283858334715e+01
8.150425743209989093e+01
8.250737731542243125e+01
8.351663248855092547e+01
8.453202295148537360e+01
8.555354870422583247e+01
8.658120974677225945e+01
8.761500607912482508e+01
8.865493770128334461e+01
8.970100461324800278e+01
9.075320681501870013e+01
9.181154430659563559e+01
9.287601708797862443e+01
9.394662515916792245e+01
9.502336852016338753e+01
9.610624717096504810e+01
9.719526111157310311e+01
9.829041034198739624e+01
9.939169486220829697e+01
1.004991146722354927e+02
1.016126697720691112e+02
1.027323601617093658e+02
1.038581858411550201e+02
1.049901468104030613e+02
1.061282430694571275e+02
1.072724746183169913e+02
1.084228414569827663e+02
1.095793435854543674e+02
1.107419810037319223e+02
1.119107537124869651e+02
1.130856617103993926e+02
1.142667049981181009e+02
1.154538835756431752e+02
1.166471974429746581e+02
1.178466466001122228e+02
1.190522310470500855e+02
1.202639507838066919e+02
1.214818058103633263e+02
1.227057961267262556e+02
